0
0
0
0
0
0
0
0
0
0
0
0
0
0
0
0
0
0
0
0
0
0
0
0
0
0
0
0
0
0
0
0
0
0
0
0
0
0
0
0
0
0
0
0
0
0
0
0
0
0
0
0
0
0
0
0
0
0
0
0
0
0
0
0
0
0
0
0
0
0
0
0
0
0
0
0
0
0
0
0
0
0
0
0
0
0
0
0
0
0
0
0
0
0
0
0
0
0
0
0
0
0
0
0
0
0
0
0
0
0
0
0
0
0
0
0
0
0
0
0
0
0
0
0
0
0
0
0
0
0
1
0
0
0
0
1
0
0
0
0
2
0
0
0
0
0
0
0
0
2
0
4
3
3
8
12
12
7
11
6
11
12
14
17
24
17
22
16
24
29
28
36
63
83
88
99
137
162
199
230
229
277
248
273
236
239
218
276
245
260
254
246
247
239
285
260
247
267
242
258
229
245
274
263
238
268
296
259
273
273
279
263
250
287
232
249
296
282
276
269
268
287
249
254
272
283
290
268
242
266
289
263
272
281
280
283
295
302
305
269
270
297
311
278
289
264
281
280
299
320
284
275
290
293
279
299
292
248
273
269
257
268
299
287
282
321
267
289
322
300
307
296
322
264
302
318
318
331
312
311
328
281
310
336
301
339
284
305
290
328
342
344
317
317
337
277
314
331
314
309
347
318
289
334
308
309
339
297
293
303
315
296
333
300
289
325
294
314
310
353
311
306
357
339
311
332
307
297
297
282
335
313
312
325
314
297
329
310
307
339
324
310
339
302
283
284
277
310
292
333
337
322
322
275
301
290
319
326
316
317
304
304
332
307
303
333
312
298
305
311
318
305
330
306
322
295
312
285
278
326
297
328
293
329
270
315
308
282
341
307
330
301
293
314
315
285
274
318
302
304
315
290
323
295
307
288
288
297
292
320
304
328
311
338
292
279
302
352
306
298
328
306
286
317
297
304
279
299
275
318
298
336
303
300
291
340
274
292
310
319
310
312
294
319
293
309
313
322
297
266
290
326
304
309
324
314
323
310
278
304
292
319
311
301
277
312
277
282
291
312
277
276
296
303
285
310
319
276
312
321
295
292
317
287
282
315
305
317
328
288
328
286
266
274
292
290
280
276
301
322
276
330
304
312
299
286
325
321
302
283
289
302
305
300
281
307
260
268
271
294
297
313
291
277
312
304
293
275
309
295
292
317
285
299
301
315
315
270
307
293
289
301
308
286
309
299
340
324
263
286
278
275
269
304
277
276
284
278
293
296
298
298
290
319
303
267
278
303
291
288
309
281
294
308
284
302
298
295
280
285
309
268
305
295
281
303
309
259
278
269
262
278
300
281
291
301
285
248
298
264
285
278
278
273
255
285
300
296
304
302
266
290
314
316
253
243
305
321
313
297
261
303
271
280
266
288
292
271
238
293
237
290
285
292
326
300
292
278
293
278
262
295
269
296
309
303
273
289
279
304
285
310
259
294
309
292
290
281
287
298
297
299
310
303
297
316
289
306
302
280
282
297
273
288
325
291
303
307
274
322
315
254
321
310
304
295
322
290
305
281
308
309
322
283
293
339
308
299
319
276
293
292
320
327
300
294
288
279
292
287
290
295
283
295
303
305
302
308
286
270
291
301
307
292
321
288
286
318
280
314
340
301
280
278
315
289
305
288
287
293
315
310
288
296
350
321
280
282
284
312
266
306
294
297
311
271
291
306
326
311
318
296
295
271
312
308
317
292
312
264
305
287
313
303
307
275
305
330
269
311
299
311
292
294
272
292
312
330
292
280
273
288
298
295
296
307
277
312
313
300
283
304
285
322
310
256
283
297
298
279
277
293
299
313
318
264
280
301
284
284
287
280
279
283
292
283
289
282
261
281
263
265
278
297
286
284
297
276
295
309
310
289
277
293
312
326
289
282
294
293
271
314
298
280
305
266
254
291
292
271
303
291
274
282
306
291
318
297
312
281
307
284
292
313
309
294
301
294
279
261
311
288
309
291
301
279
293
302
317
304
296
301
313
310
333
310
329
298
310
280
341
318
317
306
300
325
306
296
322
312
306
316
300
317
317
312
318
317
314
312
315
298
340
326
336
329
325
323
328
314
331
324
332
331
307
312
305
349
318
335
310
358
334
349
363
370
340
308
366
350
341
341
364
335
357
328
430
372
348
366
350
359
396
362
369
386
426
370
356
382
361
385
416
380
392
394
413
407
405
422
397
415
456
416
396
412
394
411
432
437
396
384
441
439
423
443
406
426
389
438
456
445
422
450
388
436
442
422
476
480
414
451
421
465
439
469
473
426
417
392
434
440
404
474
461
443
442
381
432
415
428
405
401
469
437
435
383
413
437
420
461
413
430
430
439
431
405
427
458
437
460
435
448
411
467
417
424
429
423
423
414
411
413
411
450
419
393
426
378
426
384
420
435
402
387
431
431
417
417
394
413
389
428
444
457
412
401
405
402
424
394
414
398
405
372
377
421
398
393
426
403
413
377
400
366
366
365
407
339
356
405
414
414
367
395
382
372
363
370
354
372
360
408
368
354
375
407
376
374
355
351
364
362
342
373
391
378
400
363
343
362
338
384
387
396
334
371
365
346
333
364
331
351
330
355
353
362
381
313
367
351
361
358
354
364
338
345
342
362
330
368
366
374
382
331
339
405
354
345
346
346
347
369
362
372
360
353
358
352
322
356
354
350
375
339
332
334
318
328
346
331
370
326
372
339
326
322
325
322
298
329
332
351
325
323
320
322
337
330
310
320
338
316
346
299
321
331
310
319
337
338
321
347
331
340
323
338
329
323
337
326
313
324
305
299
327
326
312
288
336
333
336
344
297
315
310
327
307
325
314
323
310
281
337
292
306
304
299
321
303
308
332
267
305
324
259
302
327
302
318
312
312
311
293
292
301
317
312
315
303
345
302
272
314
289
295
310
307
307
330
294
282
270
340
284
297
308
296
292
287
339
290
293
310
297
313
294
272
280
303
266
288
312
251
297
320
251
322
301
255
308
312
283
279
288
289
271
298
296
270
272
261
288
290
293
281
297
268
271
289
305
274
267
259
269
278
289
292
250
315
300
289
251
292
279
255
312
273
299
276
261
274
287
278
275
283
300
308
249
302
278
281
299
263
288
276
287
287
276
257
301
257
280
279
290
273
266
280
272
269
258
246
290
285
250
290
266
276
281
238
271
276
258
293
266
301
263
279
281
263
252
297
287
268
267
290
269
280
251
278
286
276
281
300
274
298
278
260
293
246
279
276
274
273
265
252
269
250
273
273
307
241
299
288
281
260
226
289
278
279
249
288
297
280
273
249
256
245
277
262
248
280
284
282
243
276
285
290
280
284
261
265
286
292
247
243
235
282
264
303
282
271
275
243
249
239
267
291
274
269
264
255
289
255
279
253
270
247
285
261
257
269
234
249
250
285
242
260
290
258
249
275
275
289
244
258
257
250
252
267
273
290
281
245
249
258
277
270
257
228
295
270
295
250
262
271
266
268
257
219
245
297
252
271
236
304
252
263
274
257
267
298
256
237
256
249
263
279
272
241
259
258
287
280
259
269
251
263
291
264
240
266
261
253
275
284
254
270
265
277
274
263
242
269
253
260
255
258
298
266
248
257
287
251
250
286
269
292
263
279
274
270
264
292
269
280
285
268
271
255
268
222
278
252
266
285
234
263
261
273
259
273
262
266
279
247
274
257
275
281
293
261
268
267
300
287
239
252
290
273
282
274
265
256
297
245
291
280
264
256
290
270
285
269
271
298
278
281
283
267
268
279
286
253
266
268
260
265
271
294
274
282
299
258
300
287
255
300
270
255
258
282
295
289
249
263
296
264
259
315
280
265
257
258
298
273
285
258
256
283
275
266
271
289
281
274
267
278
273
281
266
266
252
278
281
253
287
267
308
294
256
255
291
258
275
257
266
293
255
300
308
260
291
258
286
261
266
272
285
285
276
263
273
262
281
282
261
278
273
271
285
290
264
270
301
269
251
265
269
272
281
261
269
282
258
280
257
293
248
269
268
260
271
270
241
280
296
256
277
250
306
276
273
262
254
276
244
261
262
246
271
235
253
250
248
230
236
233
234
272
257
239
234
261
264
253
214
245
281
255
209
240
248
236
244
235
224
228
221
240
263
217
215
244
222
260
238
219
236
231
230
215
209
259
222
213
218
212
191
236
209
229
223
216
199
215
229
194
211
212
219
192
194
168
182
204
196
179
206
207
167
187
159
166
179
182
161
168
165
179
175
187
158
170
147
179
160
167
153
168
158
168
163
155
159
172
182
145
165
178
146
174
145
159
149
143
145
150
139
113
154
143
164
137
119
140
144
134
134
163
133
145
114
134
140
115
130
130
134
115
132
133
120
107
131
114
105
113
134
130
107
132
110
128
108
116
121
113
104
123
115
111
114
109
91
106
116
100
109
96
106
101
93
108
108
93
98
70
102
102
104
103
102
101
86
91
102
88
100
92
81
108
85
98
98
106
86
93
87
96
96
95
92
74
90
95
81
88
84
102
94
94
83
84
78
77
99
99
96
66
81
84
96
78
77
69
85
82
93
88
70
90
78
93
68
91
81
76
85
82
82
83
77
93
75
70
87
92
75
79
57
77
76
74
66
89
55
72
69
74
91
78
62
66
71
63
75
94
68
78
67
67
74
82
86
77
68
65
89
64
70
85
69
77
69
60
81
68
66
75
71
74
66
66
77
86
71
81
65
72
57
63
64
46
60
64
55
70
67
58
62
56
79
76
70
66
57
80
64
67
53
63
67
67
57
66
66
60
62
49
74
66
58
72
55
52
63
65
57
56
70
63
58
67
70
57
52
64
55
64
69
76
61
72
54
68
56
62
74
57
64
51
51
67
79
62
62
53
54
61
66
63
68
58
63
38
57
70
68
66
66
68
65
54
49
78
71
45
60
62
63
54
55
64
63
49
55
55
59
54
72
63
45
67
72
64
54
53
66
70
67
69
39
65
53
52
55
62
68
63
60
68
42
53
60
50
50
48
51
42
47
64
47
47
52
59
64
56
50
71
54
62
47
48
51
48
39
65
64
41
50
59
47
67
56
65
49
64
48
50
47
42
47
42
79
51
58
52
60
66
59
67
58
49
60
42
63
73
51
55
48
62
64
49
58
57
49
51
68
63
56
46
47
60
59
34
46
57
48
59
54
64
43
56
42
63
68
49
53
53
45
57
54
59
55
55
48
57
57
56
52
74
54
57
63
45
63
55
53
42
68
52
62
64
48
48
42
53
59
54
51
47
60
46
70
52
56
72
62
61
53
47
59
48
46
53
55
67
49
62
61
52
57
45
48
63
47
58
56
64
76
51
51
59
50
42
50
60
62
48
49
63
57
48
56
53
50
64
63
52
45
49
67
63
65
59
58
69
68
47
58
69
55
58
68
55
44
48
52
50
50
60
57
60
48
53
56
43
56
51
41
51
62
62
61
61
71
66
63
69
65
63
47
58
73
42
67
78
57
66
54
63
56
54
60
48
55
63
57
66
59
73
64
65
54
65
68
68
82
64
75
63
77
66
68
78
75
60
65
71
82
62
67
77
86
89
67
77
83
71
96
81
84
83
83
100
88
81
88
72
85
97
95
76
88
86
97
84
94
87
97
92
106
78
116
95
113
97
120
107
112
136
122
120
131
118
133
117
136
118
133
124
132
130
146
137
136
148
169
136
167
145
177
145
156
173
157
178
157
175
167
176
177
204
170
199
182
197
185
184
236
202
220
209
192
233
229
239
247
232
223
261
211
260
256
277
286
261
275
263
263
272
294
283
278
309
304
329
308
341
309
334
370
341
334
347
353
371
370
417
367
359
427
390
359
442
445
401
463
444
441
443
492
472
484
467
458
499
520
504
470
503
505
555
494
557
542
543
558
571
551
537
612
573
592
624
624
612
642
627
611
637
662
670
600
667
654
707
714
712
669
712
687
710
715
747
742
815
731
772
752
762
721
725
778
735
789
754
744
801
785
803
839
806
793
813
782
820
817
832
808
843
840
869
874
853
890
891
866
825
879
821
874
861
848
842
855
931
806
833
835
834
836
810
806
922
893
884
870
888
914
847
874
816
877
847
893
860
821
860
891
777
856
833
844
780
814
825
834
841
815
772
776
788
838
871
801
836
829
792
821
773
748
765
768
709
709
737
649
682
772
699
703
656
775
749
688
656
727
689
639
685
630
690
615
618
674
620
627
686
591
598
605
560
563
529
539
572
567
538
570
500
527
523
513
501
496
488
470
455
467
433
446
448
423
444
414
449
432
404
406
463
383
377
401
378
399
384
345
325
356
353
342
300
341
317
314
317
291
287
282
297
311
275
271
266
266
250
264
231
255
210
249
237
212
223
208
215
195
185
201
179
170
178
186
202
156
160
152
168
150
132
157
168
146
163
143
149
143
130
127
109
142
122
133
123
132
104
129
105
98
100
135
103
104
98
101
92
105
88
86
85
82
71
73
82
79
85
59
84
65
63
64
82
89
62
80
66
66
60
53
67
59
52
53
65
50
57
53
57
47
54
47
45
43
54
51
55
50
52
49
48
49
49
40
47
47
41
38
55
41
42
37
41
47
37
41
48
38
45
35
41
48
40
44
37
35
38
33
50
36
35
32
36
47
45
42
34
58
47
31
45
26
38
35
36
38
36
47
33
33
40
43
43
49
44
31
36
32
37
38
22
44
33
46
33
31
34
32
39
38
26
35
38
32
43
36
32
29
29
29
36
38
29
31
35
38
28
32
35
30
29
46
29
28
33
32
25
32
41
31
31
44
37
45
29
44
38
37
26
32
35
22
33
37
39
22
37
46
26
42
33
31
25
39
38
37
36
28
39
27
35
37
43
42
33
27
37
36
40
19
42
33
40
39
27
32
25
40
35
33
34
35
35
31
32
24
38
37
31
35
32
33
27
31
28
45
30
39
26
26
30
33
35
42
26
28
35
30
30
35
38
37
29
39
32
36
32
40
34
30
32
34
33
29
35
35
28
37
37
29
32
28
26
34
36
25
34
26
25
30
37
35
37
30
30
32
28
35
34
35
41
29
23
25
37
36
26
38
28
31
32
27
25
30
34
31
28
28
35
27
31
30
24
31
23
35
40
27
29
34
27
46
17
23
38
35
29
34
26
31
20
49
44
39
34
37
36
48
27
29
37
22
39
29
29
34
39
37
30
32
36
23
30
28
26
33
31
28
34
32
33
23
36
30
24
29
35
24
34
31
30
32
29
25
25
33
34
25
34
35
24
32
31
33
44
32
33
29
34
34
23
30
24
40
22
28
31
42
32
36
24
18
28
36
34
29
26
31
31
27
35
30
33
27
36
30
32
28
25
40
25
36
26
35
37
35
33
30
32
35
45
33
28
39
34
41
23
22
21
30
30
31
31
34
33
34
29
28
30
27
35
33
32
34
31
31
38
40
34
25
30
24
36
30
39
43
20
30
20
31
29
28
34
38
36
31
29
37
29
29
25
31
27
41
21
38
29
34
39
23
39
31
25
30
35
34
41
20
31
39
27
39
39
34
29
30
32
32
27
34
32
27
34
18
33
34
33
28
34
31
27
35
35
33
31
41
30
24
33
30
32
30
28
34
33
23
29
24
23
22
38
31
27
28
29
28
32
22
22
38
42
42
30
40
27
28
33
38
30
33
25
32
37
19
43
29
40
31
30
31
40
31
39
33
26
31
32
34
24
32
29
22
33
19
26
40
38
41
41
40
28
35
36
41
34
34
29
33
41
33
52
32
35
41
30
44
26
25
34
32
31
43
34
41
34
23
37
32
34
39
32
31
30
27
27
49
29
41
45
32
27
33
36
35
25
33
40
28
32
41
26
49
44
38
35
34
28
27
25
29
30
24
39
33
34
33
39
29
35
43
32
26
29
32
34
32
35
21
37
26
35
32
32
34
37
29
24
31
30
27
31
28
37
33
37
36
36
35
36
38
30
48
32
30
37
35
32
30
29
42
32
35
37
33
36
24
33
37
32
24
30
31
37
18
38
29
35
36
31
26
28
41
30
29
32
30
23
14
40
36
36
35
39
34
34
37
29
43
37
22
28
31
43
30
26
44
41
35
25
34
37
40
35
39
38
33
27
24
30
34
37
29
23
33
35
30
36
39
31
32
41
29
36
36
31
37
26
39
37
28
39
38
29
37
43
31
32
24
29
28
34
31
31
31
38
34
34
30
35
31
30
33
31
32
39
25
36
33
25
29
30
33
36
37
28
37
26
44
30
28
35
34
33
35
35
30
29
28
25
30
25
33
34
32
38
41
22
40
38
34
37
45
35
24
27
29
30
31
31
35
33
27
27
30
27
41
40
33
26
22
35
33
33
32
38
36
28
33
33
34
32
39
37
35
25
34
37
31
23
28
34
38
45
34
35
43
35
41
30
28
33
30
33
34
31
25
33
29
36
37
28
35
32
32
38
37
33
27
30
49
22
32
32
29
26
27
25
32
39
27
39
35
38
37
43
32
41
32
31
46
33
46
36
32
27
35
44
27
19
33
32
31
34
35
30
38
34
50
42
32
24
30
38
35
39
32
41
37
38
29
30
36
35
47
46
26
26
35
34
43
31
33
39
40
33
34
29
28
32
20
38
33
33
41
37
25
41
32
26
40
32
30
20
36
42
38
35
37
36
30
30
35
40
42
26
29
25
46
35
30
37
38
33
33
32
32
34
34
43
44
37
32
33
36
35
26
36
38
35
38
36
29
37
45
41
44
38
38
37
29
44
30
29
32
27
32
39
39
38
37
40
36
38
37
34
34
28
30
40
38
31
39
39
38
38
32
32
35
31
37
41
41
34
29
38
35
39
42
42
41
40
35
43
28
38
30
56
42
37
33
40
33
37
29
36
40
49
49
30
36
34
31
34
43
36
29
39
39
28
42
43
36
39
30
29
36
39
40
49
39
31
44
38
40
24
34
28
32
32
44
29
30
36
38
28
26
39
33
39
33
34
33
37
39
32
30
35
41
30
38
32
32
40
37
42
29
33
48
28
38
31
39
35
42
37
33
27
46
40
37
41
32
33
38
37
36
35
45
37
50
32
34
41
38
34
38
38
46
41
22
42
31
35
33
39
42
32
28
35
41
39
43
44
35
41
35
27
34
39
44
38
35
36
29
35
34
39
35
37
42
45
41
34
29
34
40
51
36
47
40
30
36
40
22
38
37
37
37
32
41
39
37
37
39
37
32
35
39
37
39
35
38
35
35
31
37
35
41
34
45
34
43
35
32
36
34
34
35
27
36
37
27
33
29
38
37
37
35
38
37
38
32
41
31
32
31
33
30
30
33
36
36
27
36
43
41
32
47
37
31
36
32
26
27
38
34
39
40
42
28
32
29
41
28
42
35
44
38
31
28
44
28
28
26
36
32
37
38
40
43
45
30
43
40
43
45
42
35
47
49
33
43
43
35
31
39
40
34
44
43
41
45
44
37
32
34
33
32
28
34
34
41
33
43
30
34
40
31
26
40
27
44
35
40
29
38
46
32
29
40
38
37
31
33
36
46
49
36
33
32
39
30
41
23
43
37
43
29
46
45
34
30
24
32
41
35
46
30
31
35
37
34
39
40
35
31
43
36
35
51
37
36
31
31
44
41
37
40
40
34
31
50
41
41
38
37
34
34
34
43
42
40
43
40
41
40
33
37
41
42
41
34
48
42
39
34
26
26
31
45
33
36
37
33
34
27
37
43
36
34
34
37
47
41
33
41
30
37
29
39
36
53
31
32
40
32
35
35
45
49
34
32
41
45
37
36
42
40
33
31
41
35
38
46
24
38
38
33
36
33
35
26
41
41
48
44
36
37
47
43
41
46
34
32
34
43
27
35
59
33
37
33
38
38
37
38
32
33
32
31
50
47
38
49
30
29
33
42
28
43
43
37
41
32
43
48
47
28
46
35
56
37
32
31
38
36
37
43
37
42
30
38
34
34
47
39
38
33
52
40
35
45
47
40
47
32
41
36
36
34
37
28
36
33
46
51
34
36
38
42
34
37
46
26
39
50
32
40
39
35
36
38
41
40
34
38
35
42
37
42
39
42
40
41
46
40
35
41
39
33
43
36
38
38
46
40
38
49
37
37
34
45
31
52
31
35
37
47
43
34
37
46
29
37
44
45
42
28
35
33
37
36
43
37
36
37
39
37
44
47
39
36
32
48
50
28
32
38
41
40
37
40
45
37
39
51
40
47
47
40
36
30
58
30
47
38
37
40
46
37
39
36
47
33
39
38
36
50
43
49
34
38
46
36
30
43
30
38
51
37
47
37
40
46
42
39
37
40
43
53
38
38
44
45
35
50
40
35
46
52
51
49
40
33
32
54
46
39
40
56
48
39
45
38
54
37
50
44
36
34
37
35
37
39
42
43
47
52
47
43
49
29
37
43
51
41
52
40
45
49
47
44
46
39
47
49
39
43
40
49
48
40
44
50
35
36
33
50
38
45
47
44
32
39
39
34
51
42
51
42
43
48
36
37
44
41
43
46
33
42
33
48
42
54
33
47
37
50
38
37
39
40
41
42
48
42
40
52
42
52
48
36
36
37
37
46
32
46
41
45
47
51
50
40
43
46
40
41
40
46
48
55
37
47
39
53
51
42
41
47
44
46
51
42
46
44
39
54
51
43
43
41
58
39
52
45
40
36
55
41
42
32
41
36
43
49
63
40
37
45
59
47
36
49
40
30
48
39
41
46
46
42
50
61
47
43
49
43
47
35
39
37
51
63
39
48
33
49
43
54
43
43
36
59
42
34
38
50
50
40
45
43
55
38
44
45
50
50
51
36
37
43
41
44
43
59
55
37
42
45
47
51
68
49
56
54
46
43
41
48
33
49
48
42
52
46
59
40
80
47
45
40
36
42
46
49
55
49
36
55
33
41
38
58
42
43
37
45
50
33
48
43
39
50
58
52
34
51
51
43
46
64
44
50
50
45
54
52
50
44
43
53
49
42
41
49
55
51
61
54
42
39
49
52
35
47
57
41
41
52
43
46
57
61
47
50
53
41
45
43
56
51
54
53
58
63
55
46
44
50
43
44
46
56
47
45
43
55
44
37
50
56
67
53
39
50
53
34
47
55
44
55
47
55
61
45
42
56
56
56
42
54
49
60
55
59
39
49
55
56
49
51
55
57
62
50
48
63
48
48
55
48
39
40
46
60
48
50
51
53
52
49
54
47
46
57
46
54
52
56
45
43
58
50
56
48
49
46
78
52
51
50
46
55
50
45
56
39
37
60
53
56
49
57
48
60
54
59
58
64
43
48
49
58
47
55
53
44
43
54
53
58
47
61
44
47
55
57
41
51
46
57
57
52
55
59
46
55
39
52
67
51
67
55
49
54
51
51
54
44
52
65
57
58
47
55
48
58
51
47
71
45
57
61
43
55
53
54
65
46
56
68
55
78
56
59
58
48
38
47
48
51
59
55
45
60
55
50
63
54
60
54
42
50
45
60
54
66
39
52
57
51
52
39
56
52
62
44
43
52
55
45
51
53
54
43
55
59
58
51
62
50
60
56
61
58
57
41
55
46
43
69
61
53
55
45
49
66
49
52
70
52
54
51
61
61
61
52
44
71
49
55
62
66
52
54
57
39
71
57
43
67
54
54
47
60
57
51
50
36
71
52
50
55
47
60
50
51
57
65
54
59
52
40
55
64
55
54
47
52
55
56
41
51
56
55
57
52
46
53
49
51
54
49
53
54
51
55
49
71
70
46
59
48
53
41
48
49
46
64
74
44
41
49
49
46
53
47
43
46
44
55
45
56
40
38
54
41
41
46
58
44
44
50
45
53
66
56
40
46
40
48
56
41
47
52
47
51
48
52
59
60
60
48
54
45
54
48
45
55
44
45
42
39
42
64
56
51
59
45
42
41
40
46
45
43
52
41
46
39
39
40
53
48
41
37
39
45
34
39
38
35
55
50
55
42
43
41
37
43
45
39
36
45
47
40
31
43
36
45
38
46
46
35
35
35
33
41
39
30
39
41
55
50
32
31
44
22
28
36
31
40
39
42
38
38
31
33
35
42
42
32
27
37
41
33
36
28
44
39
38
29
35
35
38
22
27
34
27
34
42
32
35
27
29
36
32
39
29
34
29
27
27
34
26
32
31
39
22
25
32
20
29
36
28
30
29
35
35
32
31
27
24
24
28
37
29
22
25
34
20
26
26
30
22
30
27
27
22
20
32
23
19
31
25
25
21
17
19
20
21
26
27
26
23
19
31
24
20
27
31
22
23
23
18
14
17
20
16
25
19
20
25
18
19
20
21
16
23
17
20
24
13
20
26
34
20
20
24
15
12
17
20
19
15
23
14
17
23
11
16
15
16
26
23
15
17
21
21
11
22
17
24
18
13
19
14
10
22
16
16
12
20
12
13
11
10
20
13
15
22
17
20
21
15
9
10
16
16
18
12
14
15
16
21
12
19
11
20
18
23
15
15
13
11
19
12
20
16
13
11
15
17
13
10
14
15
14
15
14
12
19
14
17
12
8
13
16
18
11
13
17
20
13
20
20
14
12
14
10
17
9
14
14
10
15
13
10
13
11
5
10
13
9
13
15
15
17
15
11
10
12
10
12
11
13
9
13
16
12
11
12
11
5
11
10
10
11
11
8
7
10
4
14
13
8
15
8
8
9
11
10
8
3
14
9
6
8
9
9
12
13
12
16
11
17
10
7
10
10
10
12
13
10
14
5
17
12
7
7
10
14
9
12
13
10
13
13
10
9
9
6
4
8
9
10
8
7
9
7
13
8
5
7
12
11
7
10
15
5
7
7
7
2
9
11
9
9
7
11
8
9
12
11
7
13
16
10
7
16
9
4
14
9
11
9
8
13
6
11
5
8
11
8
5
8
9
8
7
7
7
7
7
9
11
10
11
5
10
4
8
10
9
10
3
13
8
7
5
4
6
6
9
8
4
9
9
6
8
13
12
8
5
6
10
7
6
5
9
12
7
6
9
12
4
5
9
9
9
10
9
11
8
8
9
8
9
7
8
8
8
12
8
10
13
9
9
5
17
9
7
8
8
15
7
3
11
11
11
6
12
10
5
11
11
11
13
10
9
10
7
13
13
7
8
13
13
7
20
12
8
10
9
12
16
11
10
10
7
10
15
16
14
11
8
9
11
11
11
14
4
8
0
14
7
19
14
11
11
10
15
14
14
13
18
12
17
18
8
13
18
14
14
20
21
15
12
8
25
19
11
13
12
24
11
13
18
24
19
17
20
19
22
21
19
17
25
14
15
23
19
26
12
22
28
25
16
21
29
25
14
15
21
18
21
21
21
30
22
20
23
23
31
29
29
21
29
30
23
23
23
34
28
34
34
21
25
34
31
35
33
23
25
35
46
26
36
27
32
31
35
29
21
36
27
50
47
39
32
30
36
38
32
51
41
48
39
35
53
53
45
39
38
42
43
40
46
35
49
48
40
53
49
43
58
54
55
49
51
64
53
74
45
57
58
75
60
57
68
57
66
64
58
68
72
67
76
69
76
62
59
63
74
75
69
93
89
72
73
74
78
82
65
70
73
93
77
88
90
101
88
72
82
108
94
82
96
104
105
93
110
82
119
100
108
96
100
94
123
104
120
104
114
107
114
102
101
99
118
112
135
142
130
130
151
133
130
144
145
126
132
131
126
119
112
134
151
147
129
135
159
141
153
150
138
148
149
146
161
160
171
152
150
163
148
169
142
160
157
155
164
170
134
150
151
152
171
156
170
154
161
159
130
129
144
152
136
146
135
129
129
130
123
110
140
112
114
117
103
126
101
84
92
99
105
75
83
75
70
73
70
62
73
50
53
61
50
43
49
50
52
35
48
35
38
31
25
26
38
25
24
24
33
21
25
25
25
14
12
13
24
23
21
18
23
13
17
19
10
11
10
19
14
10
10
21
7
11
10
20
17
12
16
13
19
11
15
11
14
7
14
19
12
15
23
9
13
15
19
22
15
5
24
15
16
8
12
13
20
13
19
16
12
17
17
14
19
18
19
15
14
9
15
15
14
17
13
11
9
16
9
13
19
16
14
8
12
14
18
17
10
19
8
16
11
9
12
12
13
13
11
13
13
5
11
13
11
18
14
14
8
6
11
15
11
4
7
16
11
7
12
10
9
12
9
10
10
12
9
11
15
14
13
10
8
9
11
3
11
13
11
11
12
12
14
11
16
11
7
7
10
5
3
9
8
3
7
7
14
6
6
3
4
8
11
11
5
6
11
8
4
5
5
1
7
7
6
8
4
3
3
5
10
4
3
6
2
4
2
5
5
1
2
5
3
6
1
5
3
2
1
3
3
6
3
1
2
1
0
2
3
1
1
3
1
2
2
2
4
2
0
2
3
0
2
0
1
2
0
0
2
2
1
4
2
2
4
2
4
6
3
5
1
6
4
5
8
1
2
7
4
8
4
4
6
5
6
5
6
11
5
6
12
9
13
13
8
12
10
8
6
11
7
4
9
12
6
6
6
4
5
11
7
2
4
2
8
8
7
1
5
6
3
7
1
1
3
1
0
4
1
5
2
0
1
2
4
1
0
1
1
0
0
1
0
1
0
1
0
0
1
0
0
0
0
0
1
0
0
0
0
0
1
0
0
0
0
0
0
0
0
1
0
0
0
0
0
0
0
0
0
0
0
0
0
0
0
0
0
0
0
0
0
0
0
0
0
0
0
1
1
0
0
0
0
0
0
0
0
0
0
0
0
0
0
0
0
0
1
0
0
0
0
0
0
0
0
0
0
0
0
0
0
0
0
1
0
0
0
0
0
0
0
0
0
0
0
0
0
0
0
0
0
0
0
1
0
0
0
0
0
0
0
0
0
0
0
0
0
0
0
0
0
0
0
0
0
0
0
0
0
0
1
0
0
0
0
0
0
0
0
0
2
0
0
0
0
0
0
0
0
0
0
0
0
0
0
1
1
0
0
0
0
0
0
1
0
0
0
0
0
0
0
1
0
0
0
0
0
0
0
0
0
0
0
0
0
0
0
0
0
0
0
0
0
0
0
0
0
0
0
0
0
0
0
0
0
1
0
0
0
0
0
0
0
0
0
0
0
0
0
0
0
0
0
0
0
1
0
0
0
0
0
0
0
0
0
0
0
0
0
1
0
0
0
0
0
0
0
0
0
0
0
0
0
0
0
0
0
0
0
1
0
0
0
0
0
1
0
0
0
0
0
0
0
0
0
0
0
0
0
0
0
0
1
0
0
0
0
1
0
0
0
0
0
0
0
0
0
0
0
0
0
0
0
0
0
0
0
0
1
0
1
0
0
0
2
1
2
1
1
2
1
0
1
0
0
0
1
0
0
0
0
0
1
0
0
0
0
0
0
0
0
0
0
0
0
0
0
0
0
0
0
0
0
0
0
0
0
0
0
0
0
0
0
0
0
0
0
0
0
0
0
0
0
0
0
0
0
0
0
0
0
0
0
0
0
0
0
0
0
0
0
0
0
0
0
0
0
0
0
0
0
0
0
0
0
0
0
0
0
0
0
0
0
0
0
0
0
0
0
0
0
0
0
0
0
0
0
0
0
0
0
0
0
0
0
0
0
0
0
0
0
0
0
0
0
0
0
0
0
0
0
0
0
0
0
0
0
0
0
0
0
0
0
0
0
0
0
0
0
0
0
0
0
0
0
0
0
0
0
0
0
0
0
0
0
0
0
0
0
0
0
0
0
0
0
0
0
0
0
0
0
0
0
0
0
0
0
0
0
0
0
0
0
0
0
0
0
0
0
0
0
0
0
0
0
0
0
0
0
0
0
0
0
0
0
0
0
0
0
0
0
0
0
0
0
0
0
0
0
0
0
0
0
0
0
0
0
0
0
0
0
0
0
0
0
0
0
0
0
0
0
0
0
0
0
0
0
0
0
0
0
0
0
0
0
0
0
0
0
0
0
0
0
0
0
0
0
0
0
0
0
0
0
0
0
0
0
0
0
0
0
0
0
0
0
0
0
0
0
0
0
0
0
0
0
0
0
0
0
0
0
0
0
0
0
0
0
0
0
0
0
0
0
0
0
0
0
0
0
0
0
0
0
0
0
0
0
0
0
0
0
0
0
0
0
0
0
0
0
0
0
0
0
0
0
0
0
0
0
0
0
0
0
0
0
0
0
0
0
0
0
0
0
0
0
0
0
0
0
0
0
0
0
0
0
0
0
0
0
0
0
0
0
0
0
0
0
0
0
0
0
0
0
0
0
0
0
0
0
0
0
0
0
0
0
0
0
0
0
0
0
0
0
0
0
0
0
0
0
0
0
0
0
0
0
0
0
0
0
0
0
0
0
0
0
0
0
0
0
0
0
0
0
0
0
0
0
0
0
0
0
0
0
0
0
0
0
0
0
0
0
0
0
0
0
0
0
0
0
0
0
0
0
0
0
0
0
0
0
0
0
0
0
0
0
0
0
0
0
0
0
0
0
0
0
0
0
0
0
0
0
0
0
0
0
0
0
0
0
0
0
0
0
0
0
0
0
0
0
0
0
0
0
0
0
0
0
0
0
0
0
0
0
0
0
0
0
0
0
0
0
0
0
0
0
0
0
0
0
0
0
0
0
0
0
0
0
0
0
0
0
0
0
0
0
0
0
0
0
0
0
0
0
0
0
0
0
0
0
0
0
0
0
0
0
0
0
0
0
0
0
0
0
0
0
0
0
0
0
0
0
0
0
0
0
0
0
0
0
0
0
0
0
0
0
0
0
0
0
0
0
0
0
0
0
0
0
0
0
0
0
0
0
0
0
0
0
0
0
0
0
0
0
0
0
0
0
0
0
0
0
0
0
0
0
0
0
0
0
0
0
0
0
0
0
0
0
0
0
0
0
0
0
0
0
0
0
0
0
0
0
0
0
0
0
0
0
0
0
0
0
0
0
0
0
0
0
0
0
0
0
0
0
0
0
0
0
0
0
0
0
0
0
0
0
0
0
0
0
0
0
0
0
0
0
0
0
0
0
0
0
0
0
0
0
0
0
0
0
0
0
0
0
0
0
0
0
0
0
0
0
0
0
0
0
0
0
0
0
0
0
0
0
0
0
0
0
0
0
0
0
0
0
0
0
0
0
0
0
0
0
0
0
0
0
0
0
0
0
0
0
0
0
0
0
0
0
0
0
0
0
0
0
0
0
0
0
0
0
0
0
0
0
0
0
0
0
0
0
0
0
0
0
0
0
0
0
0
0
0
0
0
0
0
0
0
0
0
0
0
0
0
0
0
0
0
0
0
0
0
0
0
0
0
0
0
0
0
0
0
0
0
0
0
0
0
0
0
0
0
0
0
0
0
0
0
0
0
0
0
0
0
0
0
0
0
0
0
0
0
0
0
0
0
0
0
0
0
0
0
0
0
0
0
0
0
0
0
0
0
0
0
0
0
0
0
0
0
0
0
0
0
0
0
0
0
0
0
0
0
0
0
0
0
0
0
0
0
0
0
0
0
0
0
0
0
0
0
0
0
0
0
0
0
0
0
0
0
0
0
0
0
0
0
0
0
0
0
0
0
0
0
0
0
0
0
0
0
0
0
0
0
0
0
0
0
0
0
0
0
0
0
0
0
0
0
0
0
0
0
0
0
0
0
0
0
0
0
0
0
0
0
0
0
0
0
0
0
0
0
0
0
0
0
0
0
0
0
0
0
0
0
0
0
0
0
0
0
0
0
0
0
0
0
0
0
0
0
0
0
0
0
0
0
0
0
0
0
0
0
0
0
0
0
0
0
0
0
0
0
0
0
0
0
0
0
0
0
0
0
0
0
0
0
0
0
0
0
0
0
0
0
0
0
0
0
0
0
0
0
0
0
0
0
0
0
0
0
0
0
0
0
0
0
0
0
0
0
0
0
0
0
0
0
0
0
0
0
0
0
0
0
0
0
0
0
0
0
0
0
0
0
0
0
0
0
0
0
0
0
0
0
0
0
0
0
0
0
0
0
0
0
0
0
0
0
0
0
0
0
0
0
0
0
0
0
0
0
0
0
0
0
0
0
0
0
0
0
0
0
0
0
0
0
0
0
0
0
0
0
0
0
0
0
0
0
0
0
0
0
0
0
0
0
0
0
0
0
0
0
0
0
0
0
0
0
0
0
0
0
0
0
0
0
0
0
0
0
0
0
0
0
0
0
0
0
0
0
0
0
0
0
0
0
0
0
0
0
0
0
0
0
0
0
0
0
0
0
0
0
0
0
0
0
0
0
0
0
0
0
0
0
0
0
0
0
0
0
0
0
0
0
0
1
0
0
0
0
0
0
0
0
0
0
0
0
0
0
0
0
0
0
0
0
0
0
0
0
0
0
0
0
0
0
0
0
0
0
0
1
0
0
0
0
0
0
0
0
0
0
0
0
0
0
1
1
0
0
0
0
0
0
0
0
0
0
0
0
0
0
0
0
0
0
0
0
0
0
0
0
0
0
0
0
0
0
0
0
0
0
0
0
0
0
0
0
0
0
0
0
0
0
0
0
0
0
0
0
0
0
0
0
0
0
0
0
0
0
0
