0
0
0
0
0
0
0
0
0
0
0
0
0
0
0
0
0
0
0
0
0
0
0
0
0
0
0
0
0
0
0
0
0
0
0
0
0
0
0
0
0
0
0
0
0
0
0
0
0
0
0
0
0
0
0
0
0
0
0
0
0
0
0
0
0
0
0
0
0
0
0
0
0
0
0
0
0
0
0
0
0
0
0
0
0
0
0
0
0
0
0
0
0
0
0
0
0
0
0
0
0
0
0
0
0
0
0
0
0
0
0
0
0
0
0
0
0
0
0
0
0
0
0
0
0
0
1
2
3
3
6
8
18
18
16
16
17
16
15
22
10
7
8
7
3
4
3
5
1
2
5
2
2
2
0
2
4
7
4
3
2
5
4
5
8
8
11
22
26
52
120
138
191
295
314
449
578
728
938
1076
1273
1445
1511
1578
1646
1695
1754
1806
1896
1928
2015
2037
2048
2079
2146
2158
2163
2172
2167
2301
2239
2137
2243
2165
2129
2093
2076
1996
2039
1976
2089
2135
2017
1995
2032
2031
1949
1903
1951
1843
1854
1789
1948
1756
1803
1755
1753
1795
1759
1799
1783
1766
1685
1771
1741
1769
1810
1806
1781
1848
1879
1818
1863
1895
1893
1854
1916
1856
1885
1934
1928
2111
2011
2023
2080
2084
2051
2207
2112
2121
2260
2087
2190
2231
2247
2244
2362
2279
2152
2264
2240
2256
2214
2252
2278
2273
2072
2211
2170
2209
2155
2149
2108
2129
2123
2024
2077
2084
2016
2095
1966
2099
2060
1942
1887
1963
1909
1894
1957
1849
1980
1875
1874
1786
1748
1802
1767
1835
1747
1805
1725
1768
1742
1781
1774
1736
1758
1753
1766
1776
1755
1708
1814
1667
1733
1789
1730
1727
1702
1674
1669
1727
1702
1644
1619
1719
1701
1650
1638
1588
1687
1650
1680
1656
1637
1594
1616
1640
1616
1598
1663
1648
1560
1624
1603
1686
1644
1592
1563
1687
1732
1630
1679
1662
1652
1641
1649
1681
1679
1676
1735
1709
1830
1717
1804
1784
1794
1775
1822
1910
1861
1932
2002
1928
1879
1985
2004
2109
2020
2047
2090
2110
2168
2258
2200
2267
2211
2353
2372
2402
2414
2527
2497
2579
2616
2735
2649
2718
2690
2713
2896
2842
3036
2867
2994
2977
3084
2992
3122
3256
3207
3175
3218
3276
3216
3379
3434
3499
3501
3618
3621
3665
3652
3736
3796
3949
3833
3991
4016
4109
4271
4151
4266
4458
4394
4575
4578
4717
4896
4898
4945
5121
5279
5337
5583
5550
5693
5968
6115
6263
6445
6723
6985
7057
7335
7343
7686
7873
8010
8264
8533
8957
9005
9392
9471
9919
10090
10256
10734
11045
11450
11750
12008
12308
12729
12878
13382
13638
13913
14363
14805
15030
15312
15746
15829
16097
16664
16750
17182
17557
17674
18088
18126
18530
18710
18816
19067
19509
19870
19716
19971
20413
20426
20565
20629
20518
20866
20809
21190
20847
21217
21082
21047
21360
20696
20852
20901
20659
20710
20651
20719
20533
20263
20187
19980
20048
19875
19598
19717
19324
19124
19044
18881
18442
18350
18053
17971
17884
17377
17244
16999
16624
16695
16365
16512
15931
15704
15632
15489
15151
15199
14815
14651
14332
14118
13946
14083
13541
13627
13350
13277
13143
13127
12873
12741
12447
12446
12297
12149
11788
12175
12114
11807
11790
11706
11544
11392
11378
11419
11450
11304
11294
11457
11202
11242
11259
11371
11505
11600
11573
11740
11758
11985
12093
12057
12318
12716
12673
13011
13575
13828
13917
14404
14975
15133
15570
16317
16383
17595
18028
18791
19534
20215
21093
22275
22931
23930
24945
26089
27413
29022
29943
31653
33078
34461
36314
37903
39935
40990
42984
45356
47266
49761
52165
53705
56550
59123
61433
63849
66623
69290
71967
74860
77097
80041
83661
85694
89263
92232
94905
97725
101504
103851
107241
110804
113224
116044
118347
121680
124722
127097
129859
132342
134460
137514
139922
141797
144006
146106
147858
149609
150978
152055
154342
155398
155891
157006
157679
157664
159183
159029
159151
158920
158813
157873
157421
156941
155352
155114
153996
152584
151898
149712
148437
146247
145102
142711
140401
138314
135816
133790
131358
128718
126258
123175
121260
118260
115320
112218
110232
106769
103858
101971
99044
96609
92958
89905
88111
84926
81866
79572
77421
74940
72747
70703
68482
65670
63637
61303
59200
57592
55487
53511
51789
49775
48134
46828
45322
43703
42126
40872
39434
38689
36918
35867
34924
33748
33337
32153
30762
30153
29258
28278
27460
26677
25850
25114
24292
23764
23499
22724
22032
21209
20926
20275
19835
19332
18805
18250
17541
17023
16782
16221
15835
15316
14896
14720
14115
13676
13290
12877
12416
11819
11695
11199
10855
10506
10091
9744
9424
9117
8785
8489
8185
7812
7446
7174
6924
6515
6372
6241
5800
5532
5295
5007
4691
4488
4396
4060
3875
3649
3540
3317
3153
2938
2821
2678
2453
2374
2284
2109
2012
1819
1783
1699
1547
1362
1322
1232
1202
1067
1010
961
944
853
814
748
767
643
638
613
528
529
482
452
408
426
385
364
376
315
297
300
267
252
203
223
217
179
181
185
155
168
155
148
137
163
134
123
109
123
127
144
108
124
127
123
105
114
110
105
112
114
87
95
98
111
101
91
81
106
105
113
102
95
105
95
99
103
107
105
116
97
92
117
94
102
110
116
93
111
107
102
92
104
95
105
103
138
95
103
109
125
106
123
117
94
96
133
105
116
98
104
112
119
103
132
84
97
109
116
116
113
92
92
103
97
97
107
85
90
83
94
87
96
80
100
99
98
97
100
82
98
85
84
85
116
99
101
83
83
79
76
76
102
75
80
88
93
76
86
78
89
89
78
72
82
79
87
85
86
84
92
85
71
86
72
79
83
83
85
69
81
83
75
76
86
73
95
81
91
61
80
78
84
71
75
79
95
67
71
80
71
67
73
75
85
64
70
74
83
84
70
84
89
68
79
72
76
78
70
68
72
80
71
63
73
92
81
60
65
85
73
84
62
83
76
73
70
70
76
77
74
66
78
63
73
69
74
78
81
75
92
88
75
66
88
103
98
70
92
82
85
71
78
101
75
88
65
91
77
77
81
67
59
83
61
80
78
75
73
80
78
83
66
87
69
78
87
76
79
56
74
59
74
83
84
68
65
73
95
64
76
58
54
71
72
69
52
58
60
71
61
68
75
60
67
64
61
49
47
71
60
72
70
59
59
71
54
77
71
60
59
76
69
57
65
63
61
61
57
60
70
62
47
68
78
62
64
70
62
53
54
68
77
56
65
63
52
55
63
65
66
65
48
51
63
69
64
70
61
62
63
65
49
65
79
64
60
52
74
71
78
58
65
79
55
72
64
66
64
65
60
72
66
70
61
65
80
75
59
60
58
50
42
58
55
60
65
69
55
59
65
52
65
46
56
67
56
53
56
56
64
50
55
46
69
55
65
61
45
45
70
58
59
57
42
56
47
58
41
48
45
46
47
44
40
55
55
56
52
36
47
41
35
30
32
54
48
37
37
40
46
33
37
39
33
32
33
37
32
38
27
30
34
44
33
37
23
38
39
34
28
36
31
27
24
19
29
24
43
24
30
21
24
28
21
19
32
31
26
26
17
27
22
25
26
21
30
21
27
28
21
18
22
28
20
26
14
24
23
22
27
20
15
16
16
15
18
16
16
15
21
19
29
19
24
17
13
14
11
17
23
13
13
16
24
18
12
22
7
15
20
23
20
13
16
12
10
21
12
16
16
14
18
20
15
16
10
14
20
13
18
16
22
21
11
18
12
10
22
13
15
4
12
7
10
12
17
9
16
9
14
11
12
5
16
9
15
10
15
13
10
12
9
14
13
21
13
16
13
17
12
7
16
10
8
22
23
12
10
9
11
3
13
13
5
16
10
4
12
19
11
13
16
8
13
12
12
12
15
9
10
12
12
11
14
9
10
15
12
10
12
7
9
9
13
13
9
15
10
11
10
8
10
12
7
18
15
15
9
10
16
16
7
10
12
11
12
15
7
15
10
12
14
8
14
9
15
14
8
9
10
14
15
8
8
10
7
13
9
12
15
10
13
6
19
8
10
10
10
6
16
11
6
11
9
9
15
6
11
7
15
9
8
8
11
11
6
7
22
11
8
8
10
13
12
10
9
12
11
15
11
10
11
9
15
9
14
8
9
3
8
15
5
11
16
10
10
11
15
8
8
10
12
11
5
7
11
8
7
12
5
10
16
8
10
10
5
8
6
10
9
9
12
12
12
12
12
16
10
11
9
8
9
12
14
11
9
7
2
12
11
8
7
11
13
12
11
10
6
10
11
8
19
10
9
17
13
11
8
10
11
4
8
12
14
9
7
5
7
7
9
7
10
12
9
13
15
5
6
8
10
7
7
14
6
8
13
8
11
14
7
13
13
14
11
9
3
10
8
7
8
8
12
13
8
7
10
9
10
7
14
11
6
7
8
9
15
13
12
9
11
9
8
14
9
7
11
9
12
16
12
12
12
4
12
9
10
10
11
13
10
11
14
10
12
7
15
16
10
7
11
12
7
10
12
15
9
6
11
6
14
7
7
9
10
7
7
11
15
7
14
14
9
9
11
9
17
7
14
9
15
14
11
17
8
16
12
12
17
15
11
14
10
8
6
11
12
6
13
9
14
13
9
10
13
7
10
16
11
15
17
16
11
11
14
13
11
10
6
13
6
9
12
14
12
10
10
12
15
10
8
4
11
12
9
13
11
7
10
10
17
11
10
13
14
18
5
11
13
18
10
8
13
16
10
9
10
17
7
6
7
13
6
10
11
7
8
10
16
4
7
8
7
13
3
7
5
13
12
6
7
8
6
7
7
9
9
8
4
10
10
12
12
12
10
8
9
12
12
5
8
9
11
6
5
8
7
10
8
5
8
8
6
5
10
6
5
7
9
11
6
4
8
9
3
8
11
11
6
6
12
12
4
8
11
5
8
7
10
4
6
9
10
5
5
7
2
9
7
5
8
9
7
7
6
13
11
8
6
9
7
9
8
9
6
6
4
9
4
2
6
6
9
5
8
6
6
7
5
3
12
11
4
8
8
11
4
3
5
5
6
6
9
8
4
4
7
8
7
7
5
5
8
5
5
8
9
10
11
4
7
5
4
9
10
10
7
4
10
8
3
4
10
8
1
8
3
4
9
9
7
4
1
7
3
5
6
4
11
6
8
6
2
12
2
12
4
4
6
6
8
8
7
10
5
9
8
9
7
4
5
9
5
8
7
3
4
7
5
6
6
8
7
5
1
6
4
4
5
2
4
5
3
5
5
4
7
4
6
4
5
6
7
4
6
7
6
6
5
4
7
10
7
6
5
6
2
6
6
3
1
4
0
6
10
3
3
4
3
9
5
7
3
5
7
2
8
2
6
5
4
3
6
5
5
8
5
11
6
3
4
1
7
5
5
7
7
4
10
4
7
4
5
4
5
6
0
3
5
6
5
8
2
0
3
5
7
2
6
3
4
4
5
4
4
4
5
5
3
6
5
3
6
4
6
4
9
6
2
11
8
1
7
6
7
8
3
8
7
5
2
7
4
5
5
7
1
7
5
4
7
4
10
5
3
3
3
3
3
4
4
3
6
3
7
7
4
3
5
7
12
5
11
9
6
4
8
5
2
8
3
7
7
6
4
6
2
5
3
8
6
1
6
4
7
4
11
9
5
5
4
6
4
9
3
9
1
10
7
9
4
8
6
1
7
2
3
3
5
7
6
6
5
6
11
6
3
7
7
2
7
5
3
3
7
4
7
9
8
4
7
4
7
4
6
3
3
6
7
3
6
4
4
6
6
12
6
3
2
7
6
7
5
3
4
9
7
6
2
2
2
8
4
4
2
4
4
7
7
7
6
2
5
5
0
3
4
3
9
6
2
5
2
5
4
4
4
4
4
2
4
4
2
7
2
9
1
1
0
1
5
4
6
5
9
6
2
5
5
4
7
9
4
10
2
3
6
13
7
1
5
3
8
4
2
3
2
5
4
1
4
3
3
2
4
5
3
7
3
4
6
7
3
5
6
1
7
3
7
7
2
3
6
9
4
6
3
8
8
4
5
5
3
5
4
3
3
6
7
5
5
6
3
2
4
4
3
4
2
5
6
4
7
3
10
8
4
4
2
5
4
3
9
4
3
8
1
4
2
3
7
5
8
3
9
0
6
4
10
6
8
1
7
5
5
6
4
5
3
3
6
5
8
4
9
5
6
2
6
4
6
2
4
11
5
5
5
4
5
5
6
4
6
2
3
6
7
3
5
5
4
6
4
1
2
5
5
6
0
6
4
4
5
4
5
3
4
5
1
8
2
4
4
5
4
5
3
3
3
6
7
4
2
5
1
5
1
8
4
6
2
6
5
4
7
4
5
1
5
4
3
6
3
2
1
4
4
4
5
4
3
3
6
4
7
5
7
7
3
4
3
7
5
3
6
4
3
4
4
5
0
4
3
5
3
2
3
5
3
2
3
4
2
2
5
2
2
1
2
4
6
7
5
1
3
1
4
3
6
3
4
6
0
0
1
2
2
2
3
2
5
2
3
2
4
3
2
4
0
2
5
4
4
1
5
4
0
2
2
1
2
1
2
5
2
1
4
3
3
3
3
3
5
2
3
2
3
2
1
3
1
0
2
2
3
1
1
0
4
0
4
2
1
0
2
3
5
1
2
7
7
1
4
2
0
2
1
3
0
3
2
2
2
2
1
5
4
0
2
0
6
1
2
1
1
2
2
1
5
4
0
2
2
1
1
0
2
1
2
1
5
1
4
2
0
3
2
4
4
7
1
1
1
1
1
1
5
6
3
2
3
3
2
3
3
2
5
1
3
4
4
2
3
1
2
4
0
1
4
2
4
3
5
3
3
2
0
3
1
4
6
2
3
2
1
0
6
1
5
4
3
1
1
3
3
3
1
2
2
3
1
1
1
2
1
4
1
4
0
3
2
3
2
1
5
2
5
1
2
5
3
2
2
1
3
4
3
2
5
3
3
2
3
5
4
3
2
2
4
0
2
1
5
3
2
4
2
2
4
0
1
0
3
0
3
1
1
6
1
6
1
3
3
5
2
3
1
5
0
2
4
7
5
7
2
1
1
2
0
0
2
3
1
3
3
6
4
5
4
7
0
1
2
2
2
5
4
1
2
3
4
3
1
5
2
1
1
3
2
2
3
2
3
1
1
1
2
1
1
2
3
2
1
1
0
0
1
3
3
0
0
2
7
3
2
5
1
1
3
3
4
3
3
1
2
1
4
3
1
2
2
3
6
3
1
1
0
3
1
0
2
0
3
3
4
1
0
2
4
3
1
2
1
1
2
5
1
2
1
3
2
0
1
0
0
1
0
2
2
0
1
1
2
1
3
3
2
0
2
0
2
0
0
1
1
2
2
2
1
2
1
1
2
3
0
0
1
2
2
0
1
2
2
0
2
3
0
1
2
1
1
2
1
0
2
2
3
1
0
1
0
1
1
2
2
2
1
3
1
0
1
1
0
2
1
0
0
4
2
0
1
2
1
3
2
1
4
1
0
2
1
3
3
1
2
3
2
0
0
2
2
1
0
0
0
3
0
3
0
2
0
0
0
1
0
0
0
2
0
3
0
0
2
3
3
4
2
3
1
1
2
1
2
1
1
2
3
5
0
2
1
2
2
3
3
1
1
2
1
2
3
0
1
1
0
4
1
2
0
2
2
2
1
1
1
3
1
2
0
0
1
2
0
2
5
1
0
0
1
3
1
1
4
2
1
0
1
3
3
0
1
1
3
1
2
1
1
4
1
1
2
1
1
1
3
1
1
3
0
1
1
1
2
1
1
1
3
1
0
2
1
2
1
2
1
2
0
3
1
3
0
0
0
1
0
3
3
1
2
0
1
1
2
2
1
6
2
4
3
5
3
3
3
4
0
2
3
2
4
1
0
0
3
1
9
1
2
3
4
3
2
2
2
1
2
2
2
3
5
5
2
4
2
2
2
3
2
4
3
3
2
2
5
0
4
4
3
3
4
1
2
4
2
5
6
2
3
3
1
2
5
4
4
3
2
5
6
3
7
2
4
2
5
4
4
5
5
4
3
3
6
7
3
2
4
6
4
2
5
6
3
9
4
3
6
7
2
4
8
6
5
8
4
9
8
6
7
5
5
6
10
4
11
4
4
2
6
5
10
6
14
7
5
6
4
9
8
10
6
6
9
3
8
10
5
7
3
6
9
5
9
7
8
7
10
13
6
8
16
12
11
6
6
6
7
8
9
13
7
8
13
9
10
6
9
6
3
11
6
7
8
7
6
5
5
5
3
7
13
8
8
15
9
7
11
8
2
6
14
5
11
9
10
12
10
14
10
12
10
7
4
15
12
6
7
8
8
7
5
8
7
9
10
11
9
4
6
4
11
12
9
9
4
9
10
5
5
5
13
8
10
13
4
9
4
9
4
7
5
10
11
4
6
8
6
8
9
13
4
7
5
5
3
7
7
7
7
4
10
2
9
9
3
15
5
6
9
6
7
2
3
5
5
7
8
1
4
5
7
6
3
2
6
1
2
2
8
6
4
7
4
5
3
5
3
4
6
4
3
1
1
4
4
5
2
5
6
4
4
5
1
5
1
8
4
3
2
0
4
3
3
2
2
1
2
5
2
1
1
3
3
2
1
3
3
3
0
2
4
3
3
3
0
4
1
2
0
3
2
1
0
1
1
3
0
2
1
1
0
2
0
6
4
4
1
1
0
1
1
2
1
0
0
2
2
2
2
1
0
2
0
0
4
0
2
0
0
0
2
0
2
0
2
1
0
1
1
4
0
1
1
0
0
1
1
2
1
4
1
2
0
1
2
1
1
1
2
2
0
0
1
1
1
2
1
1
2
1
3
3
1
5
2
1
1
1
0
0
0
1
0
1
4
2
2
1
2
0
2
1
0
1
0
1
1
2
2
3
0
1
1
1
0
0
1
0
3
2
2
0
1
1
1
1
1
1
0
2
0
0
1
0
1
3
1
2
2
0
1
1
0
1
3
0
1
2
0
0
3
0
1
1
0
1
2
0
0
2
1
0
0
2
1
0
0
0
0
2
1
0
0
1
3
0
0
0
1
0
1
1
0
3
0
2
1
0
2
0
0
1
2
1
2
1
0
0
1
3
0
1
0
0
0
1
2
2
2
0
0
0
2
1
0
1
4
0
1
0
0
0
1
1
1
0
1
0
1
0
2
1
0
2
0
0
0
1
0
1
0
0
0
0
1
2
1
1
1
0
0
0
2
2
1
1
1
0
1
2
1
1
0
0
0
1
0
0
2
1
0
0
1
0
0
2
3
1
1
1
1
0
0
3
0
2
0
0
0
0
1
1
0
1
1
2
1
0
0
2
0
0
2
0
0
1
2
0
1
1
1
0
0
1
0
0
1
2
0
3
1
0
3
1
0
2
0
0
1
1
0
0
0
1
2
0
0
0
1
0
0
1
0
0
1
1
1
0
2
0
0
1
2
0
0
0
1
3
0
1
1
2
0
1
2
0
3
1
2
1
0
0
0
0
2
2
0
3
2
0
0
0
1
0
1
0
1
0
0
1
0
0
1
0
0
1
0
0
1
0
1
0
1
1
0
1
0
0
2
2
0
0
1
3
1
2
0
0
0
3
0
0
1
1
2
1
0
2
0
0
0
2
1
0
1
0
2
1
1
0
1
0
0
0
1
0
3
0
1
1
0
0
0
0
0
0
1
0
1
1
0
0
1
0
2
1
0
0
2
1
0
1
0
0
1
0
2
1
0
0
3
0
2
0
2
0
1
3
1
0
1
1
1
1
0
1
1
1
0
1
1
0
0
0
0
0
0
1
0
0
0
0
0
1
1
1
0
0
0
1
2
2
0
2
1
0
1
1
2
0
0
0
1
3
0
2
0
0
0
2
1
1
1
0
0
0
1
0
0
1
3
0
0
1
1
0
0
1
0
1
1
0
0
1
0
0
3
0
1
0
0
0
0
0
0
0
1
1
0
1
1
2
0
1
0
0
3
0
1
0
1
0
1
0
0
0
0
1
2
1
0
0
0
0
2
0
3
0
1
0
0
1
1
0
1
0
0
0
2
0
0
1
0
0
1
0
0
0
1
0
0
0
0
5
1
0
1
2
0
0
1
3
0
2
0
0
2
1
0
1
0
2
1
1
1
0
0
0
0
0
1
0
0
0
0
1
0
1
1
0
0
0
0
0
0
0
0
0
0
1
1
0
0
1
0
1
0
2
0
1
0
0
0
0
1
1
1
0
0
2
1
0
1
0
4
0
0
0
2
0
0
1
0
0
1
1
0
0
0
0
0
1
0
0
0
0
0
0
1
1
0
0
0
0
0
0
1
2
0
1
0
0
0
0
1
0
2
1
1
1
1
2
1
1
0
0
1
1
0
0
1
1
0
0
0
0
2
0
0
1
2
1
3
0
0
0
2
0
0
0
0
0
0
1
0
1
0
1
0
0
0
0
0
1
0
1
0
1
1
1
0
1
0
0
1
0
0
1
0
1
1
0
1
0
0
0
0
1
0
0
1
0
0
0
0
2
0
0
1
1
1
0
0
0
0
1
0
0
0
2
1
0
1
1
0
1
1
0
1
1
0
0
1
1
0
1
0
2
1
1
1
0
0
2
0
0
0
1
0
0
0
1
0
1
0
0
1
1
0
1
0
0
1
1
1
2
0
1
2
1
1
0
2
0
0
0
0
0
1
2
1
1
1
0
2
0
0
1
2
0
0
0
1
0
1
4
0
2
0
0
0
1
0
0
1
0
1
0
0
1
2
0
2
0
1
3
0
0
1
0
0
0
0
2
1
0
0
0
2
0
0
0
0
2
2
1
1
1
0
0
0
0
4
0
0
0
2
1
0
0
2
0
0
1
0
2
1
0
0
0
1
0
0
0
2
2
0
0
2
0
1
1
0
4
1
1
0
1
1
0
1
2
2
1
0
1
0
1
0
0
0
1
0
0
0
0
1
0
1
0
0
0
0
0
0
2
0
0
1
1
0
0
0
2
0
0
1
4
1
1
0
0
0
1
1
2
2
0
0
2
0
0
1
0
1
0
1
0
2
1
1
1
1
1
0
0
2
0
0
0
0
2
0
2
1
0
0
0
2
1
1
0
2
1
0
1
1
0
0
1
0
1
1
1
0
0
0
0
0
0
0
1
0
1
0
0
0
1
0
1
0
0
0
0
1
1
0
1
0
0
0
2
0
1
0
0
0
2
1
1
0
0
0
0
1
1
0
0
1
0
1
0
2
0
2
1
3
1
1
0
1
2
0
0
1
0
0
1
1
0
0
1
0
0
2
1
0
0
0
1
0
0
0
1
0
1
0
1
0
0
1
0
0
0
1
0
0
0
1
0
0
0
0
0
0
0
1
5
1
3
1
3
0
2
0
0
1
0
1
0
1
3
1
0
1
0
0
0
0
1
1
0
0
0
0
0
0
1
1
0
0
1
0
0
1
0
0
2
0
0
0
0
0
0
1
0
0
0
0
1
0
0
0
0
0
1
0
0
0
0
0
1
1
0
0
0
1
0
0
1
1
0
2
0
1
1
0
0
0
0
0
1
0
1
1
0
0
0
2
0
1
0
0
1
1
0
1
0
1
1
0
4
0
0
0
0
1
0
1
0
1
1
1
0
0
1
0
1
1
1
3
1
0
0
1
0
0
1
2
1
0
0
0
0
1
0
2
0
0
1
0
0
1
0
1
0
0
1
0
0
0
1
1
2
1
0
0
0
0
0
1
1
2
0
1
2
1
0
1
0
0
0
1
0
2
0
0
1
0
0
0
1
1
0
0
1
1
1
0
0
0
2
0
0
1
2
0
0
1
2
2
0
2
1
0
0
0
0
2
0
1
2
1
0
1
0
0
1
1
0
0
0
0
0
2
1
0
0
1
0
0
0
0
1
0
0
0
0
1
1
0
0
0
0
0
0
0
0
0
0
1
3
0
1
0
0
0
1
0
0
0
0
0
2
0
1
0
0
1
0
2
0
0
0
0
1
0
1
0
0
0
0
1
1
1
2
0
0
1
1
1
1
0
1
1
1
0
1
1
1
2
0
0
1
0
1
2
1
0
1
0
0
0
0
0
1
0
1
1
0
1
0
1
0
1
0
0
0
0
0
0
0
0
2
1
1
0
1
0
0
0
0
0
0
2
2
1
1
1
1
0
1
0
1
0
0
1
0
0
0
0
0
1
0
0
0
0
1
1
0
0
1
1
1
0
0
0
0
0
1
1
2
1
1
0
0
0
0
0
1
1
0
2
2
0
0
0
1
2
1
0
0
1
1
0
0
0
1
0
1
0
0
0
0
0
0
0
0
1
0
1
0
0
3
0
0
1
2
0
0
0
0
1
0
0
0
2
1
0
0
2
2
1
0
0
0
1
0
0
0
1
0
0
1
0
0
0
1
1
0
0
1
2
1
0
0
0
0
1
0
0
0
0
1
0
0
0
0
0
0
0
0
3
2
1
2
0
0
1
1
0
0
0
1
0
0
0
0
0
0
1
0
1
1
1
0
1
0
0
0
0
0
1
1
0
0
0
1
0
2
0
0
1
1
0
0
0
0
0
0
1
0
0
3
0
0
1
0
1
1
1
0
0
0
0
1
1
0
0
4
0
1
0
0
0
0
0
0
0
0
0
1
1
1
0
0
0
0
2
0
0
0
0
0
1
1
0
2
0
1
0
1
0
0
1
0
1
0
0
0
1
0
0
1
0
1
0
0
0
1
0
0
3
1
1
1
0
1
0
2
0
1
0
0
0
2
1
0
0
0
1
0
0
1
0
0
0
1
0
0
1
1
0
0
0
0
0
0
0
0
0
1
0
1
0
1
0
0
0
0
1
0
1
1
0
1
0
0
2
0
1
0
0
1
0
0
0
1
0
2
0
0
0
1
0
0
0
0
0
2
1
1
0
2
2
0
1
0
0
0
0
0
1
1
0
0
0
0
1
0
0
1
1
0
0
0
0
0
0
0
1
1
0
1
0
0
0
0
1
0
0
0
0
1
1
1
0
0
0
0
0
0
0
0
0
0
0
0
0
0
1
1
0
0
0
0
0
1
1
0
2
2
0
1
0
0
1
0
0
1
1
0
0
0
0
1
0
2
2
1
0
0
2
0
1
1
1
2
0
1
1
0
0
2
1
0
0
0
1
0
2
0
2
0
0
0
1
0
0
0
0
0
0
0
0
0
1
2
0
2
0
2
0
0
0
0
0
0
0
0
0
1
0
0
1
0
0
0
1
0
0
0
0
0
1
0
0
0
2
1
2
1
1
0
1
0
0
0
0
2
0
1
0
0
1
1
1
0
1
0
0
0
1
0
0
0
0
0
1
0
0
0
0
1
1
0
0
0
0
1
1
1
1
2
1
2
0
0
0
0
0
0
1
0
1
1
0
0
0
1
0
0
1
1
0
0
0
0
0
1
0
0
1
1
1
0
0
0
1
0
0
1
0
0
1
0
0
1
1
0
0
1
0
0
1
0
0
0
0
0
0
0
0
0
0
1
0
2
0
1
0
0
0
0
0
2
0
0
1
0
0
0
1
0
0
0
0
0
1
0
0
0
1
0
0
0
0
1
3
0
0
0
0
1
0
0
0
0
0
2
0
0
0
0
1
0
0
2
1
0
1
1
0
0
1
0
0
0
0
0
0
0
1
1
0
2
0
1
0
1
0
1
0
0
2
0
0
0
0
0
0
0
0
0
0
0
1
1
1
0
0
0
1
0
0
0
0
0
0
0
1
0
1
0
0
0
2
1
0
0
0
1
1
1
0
1
0
1
1
1
0
0
0
1
2
0
0
0
0
0
0
0
0
1
1
0
0
0
0
0
1
1
1
1
0
1
0
0
1
1
0
0
0
1
0
0
0
0
1
0
0
0
1
1
0
0
1
0
0
0
0
0
0
0
0
0
0
0
1
2
0
0
1
0
0
0
0
2
0
0
1
3
0
0
1
0
1
2
0
2
0
0
0
0
1
1
0
0
1
1
0
0
1
0
0
0
1
0
0
1
0
1
0
1
0
1
1
0
0
0
1
0
0
0
0
0
0
0
0
1
0
0
0
0
0
0
1
0
0
0
0
0
0
0
1
0
0
0
0
0
1
0
1
1
1
0
0
0
0
0
0
1
0
0
1
2
0
0
0
0
0
0
0
0
1
1
0
1
0
0
0
0
1
0
0
0
0
0
0
1
0
1
1
0
0
0
0
0
0
1
1
0
0
0
0
2
1
0
0
1
0
0
0
0
0
0
0
0
0
0
0
1
0
0
0
0
1
0
2
0
0
0
0
0
1
0
0
0
1
0
1
1
0
0
0
0
0
1
1
0
1
1
0
0
1
0
0
0
1
1
0
0
0
0
2
0
1
2
0
1
0
3
1
1
0
0
0
0
1
0
2
0
1
0
1
1
2
2
2
3
1
1
2
2
2
1
2
3
1
0
0
1
2
1
4
2
4
2
3
1
1
3
0
2
0
4
1
1
2
3
1
2
2
1
3
2
2
1
1
1
0
1
0
1
2
0
4
1
1
2
0
2
8
1
2
0
1
0
1
2
1
0
3
1
0
1
0
0
0
2
1
0
0
3
0
0
0
2
2
0
1
0
0
0
0
2
1
1
0
0
0
0
1
1
2
0
0
0
1
0
0
1
1
0
0
2
0
0
0
1
1
0
2
0
2
1
1
1
0
1
1
0
0
2
1
3
0
0
0
0
0
0
0
0
1
0
2
0
0
0
1
2
0
1
0
1
2
0
0
0
0
0
0
0
0
0
1
1
0
0
0
0
1
0
0
3
0
0
0
1
0
0
0
0
0
0
0
1
0
0
0
0
0
2
0
0
1
0
1
1
0
1
0
1
1
2
1
0
1
1
0
0
0
0
1
1
0
0
1
0
0
1
1
1
1
0
0
1
0
0
0
0
1
1
1
0
1
0
0
1
0
0
0
0
0
0
1
1
0
0
0
0
1
3
0
0
0
0
0
0
0
1
0
0
0
5
1
0
1
0
0
0
0
0
0
0
1
0
1
0
1
0
0
0
0
0
1
0
1
0
0
1
0
0
1
1
0
1
0
2
0
0
0
2
1
0
1
2
0
1
1
0
0
0
1
0
0
1
0
0
0
0
1
0
0
1
0
0
1
2
0
0
0
0
0
0
0
0
0
0
0
0
0
1
1
0
0
1
0
1
0
0
1
0
0
0
0
0
1
0
0
0
1
0
1
0
0
0
0
0
0
0
2
1
0
0
1
1
0
1
0
0
0
0
0
0
1
0
0
1
0
0
1
1
0
0
0
3
0
1
0
0
0
0
1
0
0
1
1
0
1
0
0
2
0
1
0
0
0
1
0
0
0
0
0
0
0
0
0
1
0
0
0
1
0
1
0
0
0
1
0
0
1
1
0
0
0
0
0
1
0
1
0
0
0
0
0
0
0
0
0
0
0
0
0
0
0
0
0
0
0
0
1
2
1
0
0
0
0
0
1
1
0
0
2
0
0
0
0
1
0
0
0
0
0
0
0
0
1
0
0
0
0
1
0
0
0
0
0
1
0
0
0
0
1
1
0
0
1
0
0
2
0
0
0
0
1
0
0
0
1
0
1
0
1
0
1
0
1
1
2
0
0
0
0
0
0
0
1
1
0
0
0
0
0
0
0
0
0
0
0
0
0
0
0
0
0
0
0
0
0
0
0
0
2
0
0
0
0
0
0
0
1
0
0
1
0
2
0
1
1
1
0
0
0
0
1
0
0
1
0
0
1
0
0
0
0
0
0
1
0
0
0
0
0
0
0
0
0
1
1
0
1
0
0
0
0
0
1
2
0
1
0
1
1
1
0
1
0
0
0
2
1
0
0
1
0
0
1
2
2
0
1
1
0
2
3
1
2
2
1
0
3
4
3
1
0
2
4
4
0
3
2
1
0
2
1
2
2
2
3
0
3
1
2
1
2
0
1
1
0
0
1
0
1
1
0
1
1
1
0
0
0
1
0
0
0
0
0
0
0
0
0
0
0
0
0
0
0
0
0
0
0
0
0
0
0
0
0
0
0
0
0
0
0
0
0
0
0
0
0
0
0
0
0
0
0
0
0
0
0
0
0
0
0
0
0
0
0
0
0
0
0
0
0
0
0
0
0
0
0
0
0
0
0
0
0
0
0
0
0
0
0
0
0
0
0
0
0
0
0
0
0
0
0
0
0
0
0
0
0
0
0
0
0
0
0
0
0
0
0
0
0
0
0
0
0
0
0
0
0
0
0
0
0
0
0
0
0
0
0
0
0
0
0
0
0
0
0
0
0
0
0
0
0
0
0
0
0
0
0
0
0
0
0
0
0
0
0
0
0
0
0
0
0
0
0
0
0
0
0
0
0
0
0
0
0
0
0
0
0
0
0
0
0
0
0
0
0
0
0
0
0
0
0
0
0
0
0
0
0
0
0
0
0
0
0
0
0
0
0
0
0
0
0
0
0
0
0
0
0
0
0
0
0
0
0
0
0
0
0
0
0
0
0
0
0
0
0
0
0
0
0
0
0
0
0
0
0
0
0
0
0
0
0
0
0
0
0
0
0
0
0
0
0
0
0
0
0
0
0
0
0
0
0
0
0
0
0
0
0
0
0
0
0
0
0
0
0
0
0
0
0
0
0
0
0
0
0
0
0
0
0
0
0
0
0
0
0
0
0
0
0
0
0
0
0
0
0
0
0
0
0
0
0
0
0
0
0
0
0
0
0
0
0
0
0
0
0
0
0
0
0
0
0
0
0
0
0
0
0
0
0
0
0
0
0
0
0
0
0
0
0
0
0
0
0
0
0
0
0
0
0
0
0
0
0
0
0
0
0
0
0
0
0
0
0
0
0
0
0
0
0
0
0
0
0
0
0
0
0
0
0
0
0
0
0
0
0
0
0
0
0
0
0
0
0
0
0
0
0
0
0
0
0
0
0
0
0
0
0
0
0
0
0
0
0
0
0
0
0
0
0
0
0
0
0
0
0
0
0
0
0
0
0
0
0
0
0
0
0
0
0
0
0
0
0
0
0
0
0
0
0
0
0
0
0
0
0
0
0
0
0
0
0
0
0
0
0
0
0
0
0
0
0
0
0
0
0
0
0
0
0
0
0
0
0
0
0
0
0
0
0
0
0
0
0
0
0
0
0
0
0
0
0
0
0
0
0
0
0
0
0
0
0
0
0
0
0
0
0
0
0
0
0
0
0
0
0
0
0
0
0
0
0
0
0
0
0
0
0
0
0
0
0
0
0
0
0
0
0
0
0
0
0
0
0
0
0
0
0
0
0
0
0
0
0
0
0
0
0
0
0
0
0
0
0
0
0
0
0
0
0
0
0
0
0
0
0
0
0
0
0
0
0
0
0
0
0
0
0
0
0
0
0
0
0
0
0
0
0
0
0
0
0
0
0
0
0
0
0
0
0
0
0
0
0
0
0
0
0
0
0
0
0
0
0
0
0
0
0
0
0
0
0
0
0
0
0
0
0
0
0
0
0
0
0
0
0
0
0
0
0
0
0
0
0
0
0
0
0
0
0
0
0
0
0
0
0
0
0
0
0
0
0
0
0
0
0
0
0
0
0
0
0
0
0
0
0
0
0
0
0
0
0
0
0
0
0
0
0
0
0
0
0
0
0
0
0
0
0
0
0
0
0
0
0
0
0
0
0
0
0
0
0
0
0
0
0
0
0
0
0
0
0
0
0
0
0
0
0
0
0
0
0
0
0
0
0
0
0
0
0
0
0
0
0
0
0
0
0
0
0
0
0
0
0
0
0
0
0
0
0
0
0
0
0
0
0
0
0
0
0
0
0
0
0
0
0
0
0
0
0
0
0
0
0
0
0
0
0
0
0
0
0
0
0
0
0
0
0
0
0
0
0
0
0
0
0
0
0
0
0
0
0
0
0
0
0
0
0
0
0
0
0
0
0
0
0
0
0
0
0
0
0
0
0
0
0
0
0
0
0
0
0
0
0
0
0
0
0
0
0
0
0
0
0
0
0
0
0
0
0
0
0
0
0
0
0
0
0
0
0
0
0
0
0
0
0
0
0
0
0
0
0
0
0
0
0
0
0
0
0
0
0
0
0
0
0
0
0
0
0
0
0
0
0
0
0
0
0
0
0
0
0
0
0
0
0
0
0
0
0
0
0
0
0
0
0
0
0
0
0
0
0
0
0
0
0
0
0
0
0
0
0
0
0
0
0
0
0
0
0
0
0
0
0
0
0
0
0
0
0
0
0
0
0
0
0
0
0
0
0
0
0
0
0
0
0
0
0
0
0
0
0
0
0
0
0
0
0
0
0
0
0
0
0
0
0
0
0
0
0
0
0
0
0
0
0
0
0
0
0
0
0
0
0
0
0
0
0
0
0
0
0
0
0
0
0
0
0
0
0
0
0
0
0
0
0
0
0
0
0
0
0
0
0
0
0
0
0
0
0
0
0
0
0
0
0
0
0
0
0
0
0
0
0
0
0
0
0
0
0
0
0
0
0
0
0
0
0
0
0
0
0
0
0
0
0
0
0
0
0
0
0
0
0
0
0
0
0
0
0
0
0
0
0
0
0
0
0
0
0
0
0
0
0
0
0
0
0
0
0
0
0
0
0
0
0
0
0
0
0
0
0
0
0
0
0
0
0
0
0
0
0
0
0
0
0
0
0
0
0
0
0
0
0
0
0
0
0
0
0
0
0
0
0
0
0
0
0
0
0
0
0
0
0
0
0
0
0
0
0
0
0
0
0
0
0
0
0
0
0
0
0
0
0
0
0
0
0
0
0
0
0
0
0
0
0
0
0
0
0
0
0
0
0
0
0
0
0
0
0
0
0
0
0
0
0
0
0
0
0
0
0
0
0
0
0
0
0
0
0
0
0
0
0
0
0
0
0
0
0
0
0
0
0
0
0
0
0
0
0
0
0
0
0
0
0
0
0
0
0
0
0
0
0
0
0
0
0
0
0
0
0
0
0
0
0
0
0
0
0
0
0
0
0
0
0
0
0
0
0
0
0
0
0
0
0
0
0
0
0
0
0
0
0
0
0
0
0
0
0
0
0
0
0
0
0
0
0
0
