0
0
0
0
0
0
0
0
0
0
0
0
0
0
0
0
0
0
0
0
0
0
0
0
0
0
0
0
0
0
0
0
0
0
0
0
0
0
0
0
0
0
0
0
0
0
0
0
0
0
0
0
0
0
0
0
0
0
0
0
0
0
0
0
0
0
0
0
0
0
0
0
0
0
0
0
0
0
0
0
0
0
0
0
0
0
0
0
0
0
0
0
0
0
0
0
0
0
0
0
0
0
0
0
0
0
0
0
0
0
0
0
0
0
0
0
0
0
0
0
0
0
0
0
0
0
0
0
0
0
0
0
0
0
0
0
0
0
0
0
0
0
0
0
1
1
2
4
3
8
2
8
5
6
9
11
9
18
20
21
15
13
25
20
18
28
25
32
34
38
48
61
76
96
110
148
169
193
198
213
225
205
245
217
254
252
279
294
256
320
303
298
343
360
389
354
403
434
417
473
486
509
523
514
578
535
589
624
691
723
762
838
859
941
982
1067
1012
1108
1170
1272
1294
1347
1434
1411
1537
1623
1619
1722
1734
1796
1830
1911
1906
1901
1903
1943
2029
2041
2075
2011
2005
2004
2025
2074
1984
1902
1898
1905
1838
1748
1722
1556
1606
1560
1472
1407
1431
1308
1238
1224
1218
1154
1086
1031
947
1010
940
832
808
772
720
736
674
686
662
612
601
542
518
485
481
438
452
383
400
372
360
316
312
299
296
290
271
251
253
243
216
249
240
218
204
226
207
206
200
198
203
202
199
204
197
222
200
178
171
192
223
181
205
191
208
213
193
191
191
188
171
201
173
211
202
177
216
165
197
195
174
194
204
200
174
170
194
200
180
174
176
175
185
196
189
178
193
180
185
186
180
193
214
183
185
186
167
191
196
188
189
181
173
171
198
188
185
209
185
194
174
184
194
203
194
178
176
169
195
150
172
178
195
179
190
182
191
188
193
170
184
176
199
161
191
194
185
183
164
196
181
188
175
173
182
180
177
176
192
183
185
198
176
187
181
182
152
188
180
155
189
175
235
204
200
191
176
192
187
174
179
192
162
195
181
174
200
157
196
189
195
194
177
166
191
194
192
204
203
203
191
170
170
173
187
150
162
178
179
201
196
168
171
204
174
176
165
182
181
188
163
171
188
173
161
186
180
193
182
217
194
172
183
199
198
201
175
201
184
182
183
205
166
173
154
205
181
176
226
193
196
184
200
180
195
164
188
207
196
154
181
176
201
172
162
192
165
199
194
172
184
186
180
169
205
214
149
156
181
192
161
180
192
177
169
188
195
185
165
176
190
170
180
174
176
182
161
205
173
167
180
187
151
176
171
172
165
177
162
206
175
175
170
164
181
177
175
194
169
188
167
193
180
184
165
190
172
167
174
174
175
186
165
188
211
179
165
145
188
204
175
160
173
173
188
161
168
184
172
208
190
167
179
185
159
180
167
157
191
169
190
168
193
167
170
190
192
186
178
209
199
184
221
209
189
164
179
183
195
177
203
175
219
175
192
200
190
179
171
160
171
182
181
170
182
182
200
182
178
173
181
182
181
199
158
210
186
186
192
180
217
195
176
179
178
183
199
180
183
199
155
180
184
188
169
204
188
155
214
191
174
198
189
187
159
170
182
168
172
187
187
195
191
183
164
193
170
183
168
170
201
190
201
181
172
178
190
183
184
194
193
179
179
166
202
187
191
162
176
195
187
198
161
191
164
154
186
183
201
176
166
200
168
177
161
189
181
174
183
172
178
148
189
170
167
169
187
168
183
173
184
146
196
187
165
158
172
194
176
175
162
183
169
172
176
164
158
191
182
174
158
173
159
187
161
172
174
221
170
176
195
176
178
141
191
165
186
175
161
191
163
168
177
168
176
164
166
166
167
172
167
164
179
170
171
162
155
166
174
156
179
162
163
176
178
166
177
177
176
163
168
171
140
180
152
176
171
189
174
151
164
161
156
177
167
192
179
167
170
181
171
169
153
157
157
183
157
167
144
139
166
196
172
153
158
171
152
145
177
156
151
150
181
151
151
150
164
167
170
174
162
147
150
197
166
161
164
194
177
173
167
146
186
145
181
172
177
179
183
175
164
202
195
193
141
169
182
178
166
162
162
176
143
148
184
177
179
168
165
184
190
186
169
210
167
163
167
202
159
193
186
190
160
193
187
191
167
180
158
176
198
189
182
191
179
206
211
192
163
208
174
196
204
191
206
200
221
214
204
211
202
235
208
208
217
192
206
213
214
209
214
207
206
222
239
225
199
244
201
207
227
216
240
218
229
241
218
262
233
220
222
235
236
200
255
225
226
243
226
262
256
232
278
256
220
251
217
238
275
274
204
234
271
224
244
247
246
285
235
258
269
260
248
263
263
214
242
235
240
236
283
254
233
240
238
235
265
255
257
277
263
259
240
258
259
261
253
243
217
244
209
231
251
267
228
239
256
234
248
220
249
223
279
248
231
271
223
244
246
249
238
250
223
265
251
248
237
236
249
232
244
245
239
231
235
196
219
228
233
241
236
245
209
199
235
248
228
229
224
221
274
226
203
206
227
223
224
242
201
208
212
236
190
219
209
198
216
188
203
217
206
244
201
231
213
222
186
217
210
209
187
222
208
192
231
216
219
207
197
232
224
191
206
199
189
221
195
193
198
188
209
216
209
193
200
188
196
200
194
196
214
193
201
168
181
176
202
174
198
209
202
202
184
164
185
205
183
194
177
184
183
207
178
202
209
196
174
201
202
182
176
190
190
178
177
166
155
198
197
162
196
188
173
199
177
191
196
183
203
167
199
182
157
185
164
160
168
196
203
175
178
157
186
157
163
176
164
189
168
187
184
187
172
202
175
181
160
179
158
184
136
177
183
166
176
158
166
174
164
168
172
158
166
183
162
170
179
161
157
190
157
178
162
140
162
175
167
162
161
135
175
142
149
152
168
159
169
140
144
142
170
179
167
175
167
157
155
164
152
159
150
148
160
139
161
170
159
155
160
151
152
167
153
167
141
140
160
151
147
146
128
170
140
137
164
149
158
166
147
133
138
131
133
155
137
169
152
152
154
146
156
164
152
158
148
150
140
161
149
150
164
144
139
144
147
147
136
150
158
169
141
147
137
154
145
141
159
139
132
140
151
158
154
152
137
143
150
152
129
147
146
150
138
149
131
142
131
148
149
134
158
137
153
123
142
131
134
132
156
136
133
162
131
128
139
140
127
136
119
157
133
155
139
148
151
137
133
132
138
155
126
140
143
157
146
128
130
130
144
129
137
120
150
107
136
141
135
127
134
147
130
132
134
163
123
126
161
166
134
137
136
129
118
111
124
135
116
136
133
130
160
138
128
136
136
148
142
146
117
160
129
128
142
148
139
153
115
142
125
121
133
134
128
128
123
155
141
163
157
140
135
126
166
131
132
138
107
120
114
135
134
126
121
128
145
129
127
128
132
121
123
130
131
134
110
137
149
155
131
127
111
126
123
148
127
122
102
131
119
148
128
126
144
144
128
146
135
118
112
138
148
138
129
118
133
139
131
135
121
137
128
137
128
141
127
127
123
138
119
136
106
151
131
153
128
129
116
141
130
116
146
122
144
140
125
129
125
116
125
140
126
111
114
122
124
123
132
119
145
152
139
141
127
141
136
113
137
140
122
130
106
126
140
124
127
123
138
133
131
123
138
140
127
117
129
147
111
118
125
138
125
114
110
117
127
148
122
139
121
127
123
125
121
130
104
151
130
133
111
143
142
122
127
105
133
115
130
151
124
109
116
128
129
113
131
137
122
130
117
121
137
124
115
114
119
137
139
138
133
134
130
104
130
142
107
153
146
128
118
116
129
129
122
134
129
122
139
115
146
141
110
128
115
127
124
132
121
129
120
134
118
131
130
129
134
142
126
124
127
122
116
150
150
131
141
135
109
104
128
117
157
122
114
120
137
117
112
148
129
131
120
114
135
118
129
119
124
122
125
129
121
118
120
130
135
116
96
125
133
127
131
138
128
135
138
123
135
119
132
134
138
143
139
150
134
117
129
146
135
136
128
141
137
146
133
104
138
151
126
121
140
138
126
128
162
137
125
108
133
150
125
124
136
141
139
113
147
113
108
115
142
129
137
146
138
128
144
138
124
133
148
149
139
151
140
146
149
156
133
155
145
118
135
127
152
117
130
136
118
132
149
140
113
128
142
120
135
144
133
119
132
114
120
118
128
111
123
140
132
151
128
136
125
137
126
130
114
149
127
130
128
147
124
116
144
144
125
123
136
120
139
143
122
128
136
149
130
118
130
111
128
141
120
160
136
133
140
133
144
130
141
128
127
146
137
120
112
149
135
149
132
130
135
158
114
123
122
134
127
129
120
145
126
125
124
128
110
134
111
129
124
145
151
137
150
139
161
146
114
143
118
130
122
110
133
144
135
135
126
131
125
108
144
125
134
151
126
136
131
130
148
149
130
135
121
130
136
137
133
125
134
134
146
137
123
136
148
125
112
128
112
153
154
145
131
124
140
157
132
135
145
119
122
159
143
141
132
147
118
128
139
146
139
150
122
125
121
139
136
121
121
150
122
118
139
116
142
130
128
134
131
133
136
128
134
148
130
137
127
140
135
123
109
159
131
134
123
133
117
144
132
138
113
145
136
144
114
151
136
121
130
139
129
159
127
136
165
124
98
140
150
124
152
137
157
134
133
134
149
132
131
130
144
110
145
152
140
126
129
139
159
144
125
140
129
145
133
128
137
158
140
143
156
130
145
131
145
143
144
144
144
128
133
151
138
149
141
161
139
133
126
143
138
129
138
150
114
137
131
147
137
124
123
136
158
146
152
142
146
146
142
155
133
151
127
149
125
148
141
144
151
163
132
128
152
132
147
148
147
165
154
146
157
154
127
156
122
135
152
150
135
166
131
153
163
152
133
134
144
141
155
142
136
154
117
166
165
158
158
142
129
142
158
144
144
166
148
163
152
159
151
162
165
133
152
149
125
125
142
149
169
160
136
149
143
153
128
171
167
150
155
162
164
153
153
145
160
148
137
163
163
142
142
146
165
127
171
164
151
169
180
152
166
157
157
146
173
138
147
157
149
160
139
187
144
156
169
173
168
163
185
182
152
154
144
159
165
132
137
135
160
139
143
170
139
163
156
162
169
163
164
166
157
159
135
154
136
172
158
154
156
168
148
154
159
148
152
162
149
132
129
138
159
150
144
153
151
142
160
137
163
143
150
144
145
145
161
155
145
146
157
150
148
156
141
152
158
145
164
163
154
138
137
162
173
151
159
146
164
152
139
179
144
130
141
123
143
147
168
157
147
155
143
149
120
144
131
162
134
144
134
149
149
142
140
145
131
153
158
151
129
135
130
138
147
119
121
126
110
115
158
130
143
152
107
135
118
107
135
119
116
127
127
95
118
103
139
117
105
144
100
121
104
99
124
120
106
117
119
114
107
99
124
113
89
98
101
94
105
110
116
95
100
90
94
103
104
96
71
92
95
100
103
85
70
86
78
81
89
71
84
88
91
78
83
95
70
84
74
73
85
59
84
81
76
64
75
82
73
79
76
73
78
72
72
63
62
66
68
79
60
69
66
84
66
54
68
61
70
60
61
62
46
61
60
49
56
65
57
50
49
45
65
60
51
45
51
56
36
35
41
53
62
36
51
32
50
43
46
43
42
33
41
37
49
47
38
48
41
36
28
41
36
39
34
36
47
50
42
54
43
37
37
37
46
33
35
33
28
38
35
43
26
34
44
36
26
34
30
30
37
30
25
34
29
36
40
23
31
50
33
26
24
32
29
49
38
28
39
32
29
23
30
24
33
30
22
36
26
21
28
32
23
31
26
28
30
32
25
19
31
27
30
23
24
30
29
27
27
23
36
23
29
19
34
30
18
32
24
22
19
24
29
25
25
30
25
21
21
24
37
26
25
15
20
21
21
23
29
25
21
24
29
21
30
28
17
28
10
19
29
22
16
20
25
24
14
18
15
15
16
18
21
21
19
15
13
15
23
18
23
14
20
19
16
19
23
29
20
16
24
24
17
19
12
15
17
18
15
17
19
15
19
24
18
29
16
23
13
15
14
26
18
13
22
22
18
22
14
13
12
19
17
21
15
19
9
20
14
19
17
18
18
15
17
17
8
12
16
11
14
14
11
13
7
9
14
19
13
9
15
14
12
13
17
18
16
13
14
18
18
11
15
6
15
11
24
21
9
19
12
11
9
9
11
10
8
7
14
13
8
9
13
15
12
17
10
14
9
12
15
12
4
17
14
11
7
12
8
8
14
9
4
18
9
7
15
13
10
11
11
10
12
10
9
12
9
13
12
8
13
17
14
11
12
6
8
8
8
10
10
8
12
14
10
12
12
16
5
6
9
7
10
5
7
8
15
11
7
16
13
14
12
12
14
16
15
9
12
15
10
17
16
16
14
10
11
9
12
13
16
14
7
5
13
13
12
11
11
9
5
8
11
4
9
12
10
10
8
7
13
13
9
10
22
12
3
7
12
9
15
8
6
13
11
13
15
10
10
8
8
9
7
8
10
7
8
13
6
7
11
7
9
12
5
12
8
6
11
11
9
8
7
8
8
8
8
5
8
14
6
6
10
11
11
11
7
14
9
11
5
6
13
8
10
5
11
12
6
10
10
3
12
6
12
7
10
12
7
11
15
10
16
7
14
10
11
11
14
11
14
20
7
14
12
9
20
10
8
13
11
15
9
14
12
11
13
8
15
8
16
20
10
8
15
11
15
15
24
16
15
15
13
14
19
18
19
21
17
17
14
13
14
18
13
17
16
10
20
15
15
22
19
24
19
13
13
21
25
21
24
21
27
19
15
21
16
25
20
30
29
27
32
22
23
24
30
36
41
28
40
28
27
31
24
35
28
31
43
33
30
40
31
45
44
34
57
36
55
44
64
40
50
62
61
52
53
63
47
63
58
57
58
55
64
62
68
57
64
65
79
67
70
100
79
72
66
76
85
87
84
80
80
90
96
84
113
112
95
98
100
110
90
101
114
109
119
120
133
117
126
131
124
149
142
138
151
141
132
160
158
150
152
170
160
140
163
167
165
179
167
172
174
179
195
192
197
213
217
197
212
204
236
213
225
235
216
232
238
228
221
240
262
245
262
269
246
271
256
299
317
302
300
280
289
317
295
304
311
290
301
307
342
298
303
330
314
342
396
360
336
315
336
350
390
375
374
338
378
361
372
375
385
378
437
381
393
402
419
386
426
364
393
390
406
392
374
407
414
387
416
397
437
436
417
400
429
413
412
404
408
431
439
431
477
442
455
422
443
483
441
418
421
424
430
438
428
425
446
463
466
370
439
446
422
426
416
400
439
440
424
411
428
438
439
382
407
410
399
403
426
425
456
388
372
391
380
408
400
324
336
363
385
358
390
363
367
373
352
349
375
367
359
353
324
318
312
336
367
324
339
293
311
297
292
294
274
302
298
273
279
292
312
255
286
298
269
271
272
236
271
253
233
245
233
195
245
223
225
233
231
237
206
211
222
188
214
205
194
193
204
203
157
173
171
157
153
164
150
149
166
153
144
151
137
135
143
127
131
127
132
117
120
131
120
135
110
130
131
91
102
91
71
95
100
89
78
60
81
76
77
63
83
76
90
79
72
71
66
65
65
51
63
62
56
63
51
51
58
62
47
50
45
44
41
42
36
42
35
28
49
29
31
28
24
32
28
30
31
25
33
33
23
28
24
36
27
13
26
23
14
29
14
18
19
16
21
16
15
18
13
12
12
20
11
11
7
14
20
10
15
9
10
4
7
7
10
3
7
10
11
7
9
8
5
4
6
3
5
3
4
5
2
7
7
4
5
5
6
6
1
5
3
2
4
3
2
3
2
2
6
3
1
3
3
4
1
5
1
4
2
3
0
3
4
4
1
0
0
1
1
3
0
1
2
1
2
0
0
0
2
0
2
2
0
0
2
2
0
1
1
1
1
2
3
1
0
0
1
0
1
1
1
0
0
1
1
3
1
0
0
1
1
1
1
1
0
2
1
1
1
0
1
1
0
1
0
1
0
1
0
0
0
0
1
0
2
2
0
0
2
1
0
1
0
2
1
0
1
0
0
1
1
2
0
1
0
0
0
0
0
0
1
0
2
0
0
0
0
0
0
0
1
0
0
0
0
1
0
0
0
1
0
2
0
2
0
0
0
1
0
0
0
0
2
1
0
1
0
1
1
0
0
1
0
1
0
1
1
1
0
0
0
0
0
0
1
0
0
0
0
0
0
0
1
0
2
3
0
0
0
1
1
1
1
0
0
0
1
2
0
0
0
1
0
0
0
0
1
0
0
0
0
0
1
1
0
0
0
0
0
1
0
0
0
2
0
0
1
0
0
1
0
2
0
0
1
0
1
0
1
0
0
0
1
0
1
0
0
0
0
2
0
0
0
0
1
0
0
0
1
2
2
3
0
1
1
2
0
0
0
0
1
1
0
0
0
0
0
0
0
0
0
0
0
1
0
0
1
1
1
0
0
0
2
1
0
0
1
2
0
2
0
1
1
0
2
0
0
0
1
1
0
1
1
1
0
1
0
0
0
0
0
1
1
0
0
1
0
0
0
1
1
0
1
0
0
0
0
1
0
0
0
0
0
0
1
1
0
1
0
0
0
1
0
0
0
1
0
0
0
1
0
0
0
0
0
0
2
1
1
0
0
0
0
0
0
0
1
0
0
0
0
0
0
0
0
1
0
1
0
0
0
0
2
0
0
0
1
2
2
1
0
0
0
1
0
0
0
0
0
0
2
0
0
0
0
1
0
0
0
1
1
1
2
1
0
0
1
1
1
0
0
0
1
0
0
0
0
0
0
0
2
0
0
0
0
0
0
0
1
0
0
0
0
0
0
1
0
2
1
1
0
0
0
0
1
0
1
0
1
0
0
0
0
1
0
1
1
1
0
2
0
0
0
0
1
0
0
0
1
0
0
0
0
0
0
0
0
0
1
1
0
0
0
1
2
0
0
0
1
0
1
0
0
1
0
0
1
0
0
1
0
0
0
0
1
0
0
0
0
2
1
0
1
0
0
0
0
2
0
0
0
0
1
0
0
2
0
2
0
0
0
0
1
0
0
1
0
0
0
0
1
0
0
0
1
0
0
0
0
0
1
0
0
0
1
0
0
0
0
2
0
2
0
0
2
0
0
1
1
0
1
0
0
2
1
0
0
0
1
0
2
1
0
1
0
0
0
0
0
0
1
0
1
0
0
0
1
0
0
0
0
0
1
0
0
0
0
0
0
0
1
0
0
0
1
1
0
1
0
0
0
1
0
0
0
1
0
0
1
2
1
1
0
0
1
2
0
0
0
0
1
0
0
1
0
0
0
1
0
3
1
0
1
0
1
0
0
0
0
1
0
0
0
0
0
0
0
0
0
0
0
0
0
1
1
0
0
0
0
0
0
0
1
1
0
0
1
0
0
0
1
0
0
0
1
0
0
0
0
0
0
1
0
2
0
0
1
0
2
0
0
1
0
0
1
0
2
0
0
0
0
1
0
0
0
0
0
0
0
0
1
0
0
0
0
0
0
1
0
0
1
0
0
1
0
0
0
0
0
2
1
0
0
0
0
1
1
0
1
0
0
0
0
0
0
1
2
0
0
0
0
0
0
1
0
2
0
0
0
1
0
0
0
2
1
0
0
0
0
1
0
0
0
0
0
0
0
0
1
0
2
1
0
0
0
0
0
0
0
0
2
0
0
1
0
0
0
0
0
1
0
0
1
1
0
0
2
0
0
0
0
1
1
0
1
0
0
0
0
0
0
0
0
0
0
1
0
1
1
0
0
0
0
0
0
0
0
1
1
0
1
1
0
1
0
0
0
0
1
0
0
0
0
1
0
0
2
0
0
1
0
1
0
0
0
0
0
0
0
1
1
1
0
1
0
0
0
0
0
1
0
1
0
0
0
0
0
0
0
0
0
0
0
1
0
0
0
1
0
0
0
0
0
1
0
0
0
1
0
0
1
0
0
0
0
1
1
0
0
0
0
0
0
0
0
1
0
0
0
1
1
0
0
0
1
1
0
0
0
0
1
0
0
1
0
0
0
0
0
0
0
0
0
0
1
0
2
0
0
0
0
0
2
0
0
0
2
0
0
1
0
0
0
1
0
0
0
0
1
0
1
0
0
1
1
0
0
0
0
0
0
0
1
1
0
0
0
1
0
2
0
0
0
0
0
1
0
0
1
2
0
0
0
1
0
1
0
1
0
0
2
0
0
1
0
1
0
0
2
0
0
0
1
1
1
1
1
0
0
1
1
1
0
2
0
0
1
0
0
2
0
0
1
1
0
0
0
0
0
1
0
0
0
0
1
2
0
0
0
0
1
1
0
0
0
0
0
1
0
0
0
0
1
1
0
1
2
1
0
2
0
1
0
1
1
0
0
0
0
1
0
0
1
0
0
0
1
0
0
1
0
0
0
0
1
0
1
1
0
0
0
0
0
1
0
0
0
0
2
0
0
0
0
0
0
2
0
1
1
0
1
0
2
1
0
0
1
1
1
0
0
1
0
0
0
0
0
0
0
0
0
0
0
0
0
0
2
0
1
0
0
1
0
0
0
0
0
0
0
0
0
0
0
0
0
0
0
0
0
1
0
0
0
1
0
2
0
0
0
1
0
1
0
1
0
0
0
0
0
0
0
0
0
0
0
0
0
0
0
0
2
0
0
0
0
0
1
0
0
0
0
1
1
1
0
0
0
0
1
1
0
0
0
0
1
1
0
0
1
0
0
0
0
0
0
0
0
0
1
0
0
0
1
0
0
1
0
1
0
1
0
1
1
0
1
0
0
0
2
0
0
0
0
1
1
1
0
2
0
0
0
0
0
0
1
1
0
2
0
0
1
2
0
0
0
0
0
2
1
1
1
0
0
0
1
0
0
0
1
1
0
0
0
0
1
0
0
0
0
0
1
0
0
0
0
1
0
1
0
0
0
0
0
1
0
0
0
0
0
0
0
0
0
0
1
0
0
0
0
0
0
0
1
0
0
0
0
0
0
1
0
1
0
0
1
0
0
0
0
1
0
0
1
0
0
0
0
0
1
0
0
1
0
0
0
0
0
0
2
0
0
1
1
0
0
1
1
1
2
1
0
0
0
1
1
1
0
0
1
0
1
0
0
1
0
0
0
0
0
0
0
1
0
1
0
0
2
0
1
0
0
0
0
0
1
0
0
0
0
0
0
2
0
0
1
0
1
0
0
0
0
0
0
0
1
0
1
0
0
0
0
0
1
1
0
0
1
0
1
0
0
1
0
0
0
0
0
0
0
0
0
0
0
0
0
0
1
0
1
0
0
0
1
0
0
0
1
0
0
0
0
0
1
0
0
1
0
0
0
0
0
0
0
1
0
1
0
0
0
1
0
0
2
0
0
0
0
0
0
0
1
0
0
1
1
0
0
0
1
0
0
1
0
0
0
0
0
0
1
0
0
0
0
0
0
0
0
0
0
0
0
1
0
0
0
0
0
1
0
1
0
0
0
1
0
0
0
0
1
0
0
0
0
2
0
0
0
0
0
0
0
0
0
0
0
2
0
0
0
1
0
0
1
0
0
0
0
0
0
0
0
0
1
1
0
0
0
0
0
0
0
0
0
1
0
0
0
0
0
1
0
1
1
0
0
0
0
1
0
0
0
0
0
0
0
0
0
1
0
0
1
1
0
0
0
0
0
0
0
0
0
0
1
0
0
0
0
2
0
0
0
0
0
1
1
1
0
0
0
0
0
0
1
0
0
0
0
0
0
0
0
0
1
0
0
0
0
0
0
0
1
0
0
0
0
0
1
0
0
0
0
0
0
1
1
0
1
0
1
0
0
1
0
1
0
0
0
0
1
1
1
0
0
1
0
0
1
0
0
0
0
0
0
1
1
0
0
0
0
0
1
0
1
0
0
0
0
1
0
0
0
0
0
0
2
0
1
1
2
0
1
0
1
3
0
0
0
1
0
1
0
1
1
0
0
1
0
0
0
0
0
0
0
0
0
1
0
0
0
0
0
0
2
1
0
1
0
0
0
0
1
0
0
0
0
0
0
0
0
0
1
0
0
0
0
1
0
1
0
0
0
0
1
0
0
0
0
0
0
0
0
0
0
0
0
0
2
0
0
1
0
0
0
1
0
1
0
0
1
1
1
0
0
0
1
0
0
0
0
0
0
0
0
1
0
0
0
0
1
0
0
0
0
0
0
0
0
0
0
1
0
1
0
0
0
0
0
0
1
0
1
0
0
0
0
0
0
1
0
0
0
0
0
1
0
1
0
0
0
0
1
0
0
0
0
0
1
0
0
0
0
2
0
0
0
0
0
0
0
1
0
0
1
0
1
0
1
0
0
0
0
1
0
1
1
0
0
0
1
0
1
0
0
0
0
0
0
0
0
1
0
2
0
0
0
0
0
1
0
0
0
0
0
0
0
0
1
0
1
0
0
0
0
0
0
0
2
0
0
0
1
0
0
0
1
0
0
1
0
0
0
1
1
0
0
1
0
0
1
1
0
0
0
1
2
0
1
2
0
0
1
0
0
1
1
0
1
0
0
0
0
0
2
1
0
0
0
0
0
0
0
0
0
0
0
1
0
0
0
1
0
0
1
0
0
0
0
0
0
0
0
0
0
1
1
0
0
0
0
0
0
0
0
1
0
0
0
0
0
0
0
0
1
0
1
0
0
0
1
0
0
1
0
0
0
1
0
1
0
0
0
0
1
0
0
1
1
1
0
0
1
0
0
0
0
0
0
0
0
0
0
0
0
0
0
0
0
0
0
0
1
0
0
0
0
0
0
0
1
0
0
1
0
0
0
0
0
0
1
0
0
0
0
0
0
1
0
0
1
0
0
1
1
1
0
1
0
0
1
0
0
1
0
0
0
0
0
0
0
1
0
0
0
0
0
0
0
0
0
0
0
0
0
0
0
1
0
0
1
0
1
0
0
0
1
1
0
0
0
0
0
0
0
0
0
0
0
0
0
0
1
0
0
0
0
0
1
0
0
0
0
0
0
1
0
1
0
0
0
1
0
0
0
0
1
0
1
0
0
0
0
0
0
0
0
2
0
0
0
1
0
0
0
0
0
0
0
1
0
0
0
0
0
0
0
1
0
0
0
1
0
1
0
0
0
0
0
0
0
0
0
0
0
1
0
0
0
0
0
0
0
0
0
1
0
0
0
0
0
0
0
2
1
0
1
0
0
0
0
0
0
0
0
0
1
0
0
0
0
0
0
0
0
0
0
0
0
0
0
0
0
0
0
0
0
0
0
0
0
0
0
0
0
0
0
0
0
0
0
0
1
1
0
1
0
0
0
0
0
0
0
0
0
0
0
0
0
0
0
1
0
0
0
0
0
0
0
0
0
0
0
0
0
0
0
0
0
0
0
0
0
0
0
0
0
0
0
0
0
0
0
0
0
0
0
0
0
0
0
0
0
0
0
0
0
0
0
0
0
0
0
0
0
0
1
0
0
0
0
0
1
0
1
0
0
0
1
0
0
0
0
0
0
0
0
1
0
0
1
0
0
0
0
0
1
0
0
0
0
0
0
1
0
0
1
0
0
1
0
0
0
1
0
0
0
0
0
0
0
0
0
0
0
1
0
1
0
0
0
0
0
0
1
0
0
1
0
1
0
0
0
0
0
0
0
0
0
0
1
0
0
0
0
0
0
0
0
0
0
0
0
1
1
1
0
0
1
2
0
0
0
0
0
0
0
0
0
0
0
0
0
1
0
0
0
0
0
1
0
0
1
1
0
1
0
0
0
0
0
0
1
0
0
0
0
0
1
1
2
0
1
0
1
0
1
1
1
0
0
1
0
0
0
1
1
0
0
1
1
0
1
1
0
1
1
1
0
1
0
2
1
0
0
2
1
1
2
3
1
0
2
3
2
0
1
1
1
1
1
2
0
2
0
0
2
0
1
1
2
2
0
0
0
0
1
0
2
0
2
0
2
1
1
0
0
1
0
2
1
2
1
0
0
0
1
0
1
0
0
1
0
1
1
0
0
0
0
0
0
0
1
0
0
1
0
0
0
0
0
1
1
1
0
0
0
0
1
0
0
1
2
1
1
0
0
2
2
0
0
0
2
0
0
0
0
0
2
0
0
0
0
0
1
0
0
0
1
0
1
0
1
0
0
0
0
1
0
1
1
0
0
0
0
1
1
0
0
0
2
0
0
0
0
0
0
0
1
0
0
0
1
0
0
1
0
1
0
1
0
0
0
0
1
1
0
0
0
1
0
0
0
0
0
0
0
1
0
0
0
1
0
1
0
0
1
0
0
0
0
0
2
0
0
1
1
1
0
0
1
0
0
0
0
0
0
0
0
0
0
0
1
1
0
0
0
0
0
0
1
0
0
0
0
0
0
0
0
0
0
0
0
0
1
0
0
0
1
1
0
0
0
0
0
0
0
1
0
0
0
0
0
0
0
1
1
0
1
0
0
0
0
1
0
1
0
0
0
1
0
0
0
1
1
0
0
0
0
0
0
0
0
1
0
0
0
1
0
0
0
0
0
0
0
0
0
0
0
0
0
1
0
0
0
0
1
0
0
0
0
0
0
0
0
0
0
0
0
0
0
0
0
0
0
1
0
1
2
0
0
0
1
0
0
0
0
0
0
1
0
0
0
1
0
0
0
0
0
0
0
0
0
0
0
1
1
1
0
0
0
0
0
0
0
1
0
0
0
0
0
0
1
0
0
0
1
0
0
0
0
0
1
0
1
0
0
0
0
1
1
0
0
0
0
0
0
0
0
0
1
0
0
0
0
0
1
0
0
1
0
0
1
1
0
0
1
0
1
1
0
0
0
0
0
0
0
0
0
0
1
0
0
0
1
0
0
1
1
0
0
0
1
0
1
0
0
0
1
0
0
0
0
0
0
0
0
0
0
0
0
1
0
0
0
0
0
0
0
0
0
0
1
0
0
0
0
1
1
0
1
0
0
0
0
0
0
0
0
0
0
0
0
0
0
0
0
0
0
0
1
0
0
1
1
0
2
0
0
0
1
0
0
0
0
0
0
0
0
0
0
0
0
1
0
0
0
0
0
0
0
0
0
0
0
0
1
0
0
0
1
0
0
0
0
0
0
0
0
0
0
0
0
0
0
0
0
0
0
0
0
0
0
0
0
0
0
0
0
0
0
0
1
0
0
0
0
0
0
0
0
0
0
0
0
0
0
0
0
0
0
0
0
2
0
0
0
0
0
0
0
0
0
0
0
0
0
0
0
0
1
0
0
0
0
1
0
0
0
1
0
1
0
0
0
0
0
0
0
0
0
0
0
0
0
0
0
0
0
0
0
0
2
0
0
0
0
0
1
1
0
1
1
0
0
0
0
0
0
1
1
0
1
1
1
1
1
1
2
2
0
0
2
2
1
1
1
2
3
1
3
1
2
0
3
2
1
2
2
0
1
1
1
0
0
0
0
0
0
1
0
1
0
0
0
0
0
0
0
0
0
0
0
0
0
0
0
0
0
0
0
0
0
0
0
0
0
0
0
0
0
0
0
0
0
0
0
0
0
0
0
0
0
0
0
0
0
0
0
0
0
0
0
0
0
0
0
0
0
0
0
0
0
0
0
0
0
0
0
0
0
0
0
0
0
0
0
0
0
0
0
0
0
0
0
0
0
0
0
0
0
0
0
0
0
0
0
0
0
0
0
0
0
0
0
0
0
0
0
0
0
0
0
0
0
0
0
0
0
0
0
0
0
0
0
0
0
0
0
0
0
0
0
0
0
0
0
0
0
0
0
0
0
0
0
0
0
0
0
0
0
0
0
0
0
0
0
0
0
0
0
0
0
0
0
0
0
0
0
0
0
0
0
0
0
0
0
0
0
0
0
0
0
0
0
0
0
0
0
0
0
0
0
0
0
0
0
0
0
0
0
0
0
0
0
0
0
0
0
0
0
0
0
0
0
0
0
0
0
0
0
0
0
0
0
0
0
0
0
0
0
0
0
0
0
0
0
0
0
0
0
0
0
0
0
0
0
0
0
0
0
0
0
0
0
0
0
0
0
0
0
0
0
0
0
0
0
0
0
0
0
0
0
0
0
0
0
0
0
0
0
0
0
0
0
0
0
0
0
0
0
0
0
0
0
0
0
0
0
0
0
0
0
0
0
0
0
0
0
0
0
0
0
0
0
0
0
0
0
0
0
0
0
0
0
0
0
0
0
0
0
0
0
0
0
0
0
0
0
0
0
0
0
0
0
0
0
0
0
0
0
0
0
0
0
0
0
0
0
0
0
0
0
0
0
0
0
0
0
0
0
0
0
0
0
0
0
0
0
0
0
0
0
0
0
0
0
0
0
0
0
0
0
0
0
0
0
0
0
0
0
0
0
0
0
0
0
0
0
0
0
0
0
0
0
0
0
0
0
0
0
0
0
0
0
0
0
0
0
0
0
0
0
0
0
0
0
0
0
0
0
0
0
0
0
0
0
0
0
0
0
0
0
0
0
0
0
0
0
0
0
0
0
0
0
0
0
0
0
0
0
0
0
0
0
0
0
0
0
0
0
0
0
0
0
0
0
0
0
0
0
0
0
0
0
0
0
0
0
0
0
0
0
0
0
0
0
0
0
0
0
0
0
0
0
0
0
0
0
0
0
0
0
0
0
0
0
0
0
0
0
0
0
0
0
0
0
0
0
0
0
0
0
0
0
0
0
0
0
0
0
0
0
0
0
0
0
0
0
0
0
0
0
0
0
0
0
0
0
0
0
0
0
0
0
0
0
0
0
0
0
0
0
0
0
0
0
0
0
0
0
0
0
0
0
0
0
0
0
0
0
0
0
0
0
0
0
0
0
0
0
0
0
0
0
0
0
0
0
0
0
0
0
0
0
0
0
0
0
0
0
0
0
0
0
0
0
0
0
0
0
0
0
0
0
0
0
0
0
0
0
0
0
0
0
0
0
0
0
0
0
0
0
0
0
0
0
0
0
0
0
0
0
0
0
0
0
0
0
0
0
0
0
0
0
0
0
0
0
0
0
0
0
0
0
0
0
0
0
0
0
0
0
0
0
0
0
0
0
0
0
0
0
0
0
0
0
0
0
0
0
0
0
0
0
0
0
0
0
0
0
0
0
0
0
0
0
0
0
0
0
0
0
0
0
0
0
0
0
0
0
0
0
0
0
0
0
0
0
0
0
0
0
0
0
0
0
0
0
0
0
0
0
0
0
0
0
0
0
0
0
0
0
0
0
0
0
0
0
0
0
0
0
0
0
0
0
0
0
0
0
0
0
0
0
0
0
0
0
0
0
0
0
0
0
0
0
0
0
0
0
0
0
0
0
0
0
0
0
0
0
0
0
0
0
0
0
0
0
0
0
0
0
0
0
0
0
0
0
0
0
0
0
0
0
0
0
0
0
0
0
0
0
0
0
0
0
0
0
0
0
0
0
0
0
0
0
0
0
0
0
0
0
0
0
0
0
0
0
0
0
0
0
0
0
0
0
0
0
0
0
0
0
0
0
0
0
0
0
0
0
0
0
0
0
0
0
0
0
0
0
0
0
0
0
0
0
0
0
0
0
0
0
0
0
0
0
0
0
0
0
0
0
0
0
0
0
0
0
0
0
0
0
0
0
0
0
0
0
0
0
0
0
0
0
0
0
0
0
0
0
0
0
0
0
0
0
0
0
0
0
0
0
0
0
0
0
0
0
0
0
0
0
0
0
0
0
0
0
0
0
0
0
0
0
0
0
0
0
0
0
0
0
0
0
0
0
0
0
0
0
0
0
0
0
0
0
0
0
0
0
0
0
0
0
0
0
0
0
0
0
0
0
0
0
0
0
0
0
0
0
0
0
0
0
0
0
0
0
0
0
0
0
0
0
0
0
0
0
0
0
0
0
0
0
0
0
0
0
0
0
0
0
0
0
0
0
0
0
0
0
0
0
0
0
0
0
0
0
0
0
0
0
0
0
0
0
0
0
0
0
0
0
0
0
0
0
0
0
0
0
0
0
0
0
0
0
0
0
0
0
0
0
0
0
0
0
0
0
0
0
0
0
0
0
0
0
0
0
0
0
0
0
0
0
0
0
0
0
0
0
0
0
0
0
0
0
0
0
0
0
0
0
0
0
0
0
0
0
0
0
0
0
0
0
0
0
0
0
0
0
0
0
0
0
0
0
0
0
0
0
0
0
0
0
0
0
0
0
0
0
0
0
0
0
0
0
0
0
0
0
0
0
0
0
0
0
0
0
0
0
0
0
0
0
0
0
0
0
0
0
0
0
0
0
0
0
0
0
0
0
0
0
0
0
0
0
0
0
0
0
0
0
0
0
0
0
0
0
0
0
0
0
0
0
0
0
0
0
0
0
0
0
0
0
0
0
0
0
0
0
0
0
0
0
0
0
0
0
0
0
0
0
0
0
0
0
0
0
0
0
0
0
0
0
0
0
0
0
0
0
0
0
0
0
0
0
0
0
0
0
0
0
0
0
0
0
0
0
0
0
0
0
0
0
0
0
0
0
0
0
0
0
0
0
0
0
0
0
0
0
0
0
0
0
0
0
0
0
0
0
0
0
0
0
0
0
0
0
0
0
0
0
0
0
0
