0
0
0
0
0
0
0
0
0
0
0
0
0
0
0
0
0
0
0
0
0
0
0
0
0
0
0
0
0
0
0
0
0
0
0
0
0
0
0
0
0
0
0
0
0
0
0
0
0
0
0
0
0
0
0
0
0
0
0
0
0
0
0
0
0
0
0
0
0
0
0
0
0
0
0
0
0
0
0
0
0
0
0
0
0
0
0
0
0
0
0
0
0
0
0
0
0
0
0
0
0
0
0
0
0
0
1
0
0
0
0
0
0
0
0
0
0
0
1
4
6
6
13
14
12
27
38
46
61
84
132
145
193
281
354
509
650
804
988
1213
1471
1839
2219
2573
2951
3153
3352
3552
3545
3524
3295
3117
2830
2477
2120
1965
1916
1966
2245
2502
2949
3331
3650
4121
4521
5170
5973
7152
9771
13846
17764
20273
22177
24193
26277
28450
31733
35201
39814
46144
54200
61240
68547
74352
80000
85434
91410
97740
104145
110941
117761
123997
132351
139512
147334
155039
164786
174236
184625
196286
207353
220454
233216
245491
259012
268228
277940
282209
287190
294827
308195
323837
339836
350041
357809
360552
358898
357851
350376
339720
328157
314600
300105
288108
276469
265528
257411
249271
241732
236981
231115
226116
221396
217957
214593
209932
207127
204110
200499
197086
194137
190826
187826
183369
180425
177835
174900
171964
167727
165048
161844
158379
154501
150558
148746
145019
141509
138190
134826
131507
128230
125151
122032
119147
115461
112580
108971
106391
102608
100439
96341
93964
90366
87227
84629
82270
79081
76580
73602
71388
69165
66259
64330
61593
59075
57108
54926
52378
50544
48598
46984
44740
42899
40822
39955
38124
36322
35518
33913
32671
31397
30579
29486
28901
27711
26647
26125
25475
25010
24515
23925
23113
22774
22589
22457
22166
21986
21730
21569
21431
21651
21273
21499
21096
21280
21181
21153
21473
21459
21463
21738
21895
22131
22210
22156
22461
22280
22702
23008
23120
23191
23262
23582
23523
23486
24094
24137
24029
24187
24305
24375
24743
24748
25139
25018
25484
25209
25414
25441
25804
25732
25717
26097
26223
26486
26608
26706
26949
27200
27298
27230
27125
27689
27853
28165
28181
28241
28654
28778
28899
28975
29179
29652
29545
29817
30087
30196
29962
30410
30562
30882
30657
31093
31350
31414
31751
31896
31630
32090
31811
31896
32268
32515
32634
32620
32626
32959
32571
32678
33146
32958
32830
32816
32847
32636
32775
32872
32939
32694
32939
32894
32714
32710
32738
32636
33018
33028
32372
32755
32329
32409
32806
32774
32640
32897
32846
33295
33406
33606
33259
33912
34116
34269
34756
34677
35673
36195
36493
37318
37983
38364
39272
40072
40831
41741
42812
44208
45052
46006
47683
48715
50491
51274
52903
54300
55735
57620
59621
61487
62919
65272
67155
69036
71288
73286
75620
77897
79902
82013
84289
86756
89009
91535
93341
95890
98556
100149
102685
104768
107355
109637
111634
113392
115917
117523
118684
120240
122748
123964
124811
126132
127442
128217
129660
130346
130375
131138
131760
131888
131846
131748
132140
131344
131017
130450
129220
128060
127595
126128
124736
123350
122229
120326
118352
117403
114927
112834
110885
109400
107218
104281
101816
99744
96757
94642
92243
89136
87268
84536
81892
79344
77201
74512
71769
69772
67215
65352
62512
60012
57838
55873
53684
51787
48917
47161
45287
43849
41948
40071
38076
36968
35379
33548
32445
30934
29744
28584
27210
25961
25344
24425
23381
22266
21161
20597
19936
19074
18332
17757
17299
16701
16291
15686
15590
15079
14641
14243
14106
13983
13669
13408
13395
12999
12818
12690
12579
12565
12307
12297
12367
12420
12087
12199
12270
12033
12230
12229
12219
12290
12141
12249
12624
12488
12619
12700
12786
12763
13031
13065
13169
13070
13168
13463
13462
13496
13643
13823
13723
13912
14149
13989
13920
14185
14342
14439
14408
14382
14529
14817
14747
15039
14861
14817
14907
15048
14779
15285
15057
14949
14888
15179
15182
15203
15119
15254
15073
14808
14922
14802
15014
14697
14682
14639
14820
14467
14618
14575
14252
14135
14286
14136
14019
13714
13801
13763
13551
13442
13181
13323
13055
12935
12998
12815
12621
12579
12448
12113
11964
11902
11876
11683
11713
11363
11359
11231
11455
10903
10925
10764
10527
10554
10499
10171
10170
9998
10132
9867
9816
9577
9477
9457
9111
9412
9134
9228
9025
8816
8850
8946
8476
8735
8542
8614
8539
8531
8348
8346
8209
8364
8180
7985
7988
7971
7989
7826
7888
7902
7822
7718
7571
7795
7755
7738
7705
7649
7671
7550
7729
7630
7635
7559
7557
7583
7678
7580
7584
7390
7600
7466
7529
7560
7571
7473
7578
7560
7569
7707
7555
7530
7740
7572
7560
7623
7726
7565
7708
7798
7789
7759
7701
7833
7755
7767
7839
7866
7707
7960
7965
7913
7894
8101
8021
7837
7973
7926
7994
8078
8228
8142
8158
8246
8044
8284
8380
8144
8343
8120
8431
8287
8467
8606
8374
8541
8434
8664
8729
8616
8520
8774
8814
8554
8847
8632
9000
8745
8918
8838
8998
8948
8879
8906
9148
9159
9248
9184
9220
9499
9290
9324
9474
9369
9560
9560
9471
9792
9652
9620
9638
9678
9805
9735
9918
10159
9846
10056
10182
9978
10118
10072
10154
10233
10261
10465
10487
10576
10427
10626
10439
10484
10640
10644
10562
10769
10712
10889
11009
10825
10910
10883
11058
10984
11012
10925
10982
11186
11237
11379
11108
11275
11359
11188
11441
11620
11452
11401
11202
11457
11379
11504
11686
11412
11278
11390
11673
11753
11592
11677
11682
11531
11652
11765
11623
11803
11582
11733
11372
11728
11425
11620
11349
11701
11611
11748
11706
11548
11604
11572
11504
11345
11540
11450
11663
11375
11289
11209
11323
11314
11175
11304
11203
11030
11064
11257
11193
11084
11054
11087
10923
11073
10993
10803
10895
10758
10661
10729
10697
10668
10463
10591
10358
10476
10397
10225
10312
10310
10247
10214
10197
10015
9929
10087
10104
9749
9887
9779
9899
9964
9705
9793
9513
9690
9531
9599
9326
9383
9429
9256
9223
9467
9368
9277
9197
9099
9083
9151
8991
9045
8995
9013
8952
8992
8938
8858
8801
8707
8676
8554
8809
8553
8728
8450
8603
8412
8521
8497
8395
8333
8444
8254
8124
8138
8287
7916
8025
8181
8167
8197
8169
8065
7993
7984
7873
7821
8181
7958
8034
7837
7804
7893
7890
7779
7758
7737
7689
7770
7561
7677
7478
7553
7658
7471
7662
7614
7435
7470
7447
7360
7553
7369
7414
7383
7438
7420
7403
7298
7313
7208
7252
7252
7210
7277
7305
7260
7114
7201
7272
7022
7043
7115
7107
7145
7151
7171
7073
6935
6851
6952
6858
6998
6739
6909
7126
6838
6765
6745
6776
6884
6728
6716
6568
6643
6621
6667
6674
6533
6628
6680
6638
6658
6535
6718
6657
6426
6434
6468
6412
6302
6515
6378
6351
6442
6422
6437
6401
6382
6220
6228
6427
6276
6331
6332
6308
6269
6220
5995
6251
6134
6148
6183
5913
6199
5893
6133
5941
6047
5817
6045
5888
5811
5793
5907
5757
5724
5831
5724
5901
5826
5723
5717
5735
5747
5658
5612
5676
5699
5511
5552
5481
5364
5478
5410
5341
5405
5401
5526
5373
5415
5367
5319
5270
5232
5218
5293
5105
5329
5165
5030
5118
5055
5039
5017
5177
5045
5058
5023
4952
4876
4892
4857
4792
4802
4878
4825
4809
4838
4853
4737
4751
4639
4729
4639
4459
4562
4564
4713
4549
4666
4609
4444
4393
4607
4461
4439
4467
4440
4396
4525
4254
4271
4383
4282
4344
4234
4204
4243
4178
4242
4246
4131
4178
4098
4222
4070
4016
4126
4116
4159
4092
3986
3985
3925
3909
3999
3871
3951
3811
3819
3870
3837
3826
3816
3672
3730
3821
3766
3664
3735
3750
3665
3665
3652
3753
3721
3637
3593
3496
3580
3552
3624
3453
3551
3466
3495
3391
3438
3488
3436
3367
3314
3354
3371
3427
3396
3375
3269
3267
3296
3362
3234
3205
3198
3155
3168
3219
3178
3074
3089
3132
3180
3141
2986
3096
2973
3013
3026
2962
2981
3033
2963
2912
2880
2924
2933
2902
2828
2912
2947
2814
2924
2783
2838
2812
2877
2778
2772
2820
2698
2785
2631
2775
2642
2684
2720
2667
2680
2643
2564
2549
2584
2618
2585
2597
2655
2499
2604
2452
2608
2545
2606
2461
2562
2515
2509
2613
2530
2490
2502
2509
2477
2464
2609
2465
2477
2490
2492
2368
2410
2467
2530
2384
2483
2488
2335
2409
2426
2446
2407
2436
2512
2354
2513
2404
2403
2428
2389
2399
2411
2414
2508
2438
2507
2552
2440
2421
2509
2551
2485
2595
2512
2639
2551
2601
2586
2647
2580
2541
2652
2644
2608
2639
2689
2701
2815
2710
2636
2724
2790
2748
2847
2819
2752
2944
2860
2838
2948
2970
3108
3054
3005
3096
3167
3107
3178
3091
3127
3153
3247
3190
3268
3240
3386
3202
3477
3427
3423
3578
3444
3468
3669
3529
3677
3673
3730
3672
3723
3799
3765
3834
3833
3877
3978
4162
4033
4103
4085
4022
4189
4181
4322
4316
4186
4400
4451
4433
4381
4475
4549
4579
4562
4747
4612
4610
4624
4766
4746
4718
4851
4922
4829
5002
4859
4968
5019
4958
5060
5122
5013
4996
5183
5170
5156
5200
5247
5309
5455
5174
5200
5228
5415
5574
5411
5451
5517
5423
5465
5515
5640
5551
5631
5733
5680
5582
5640
5774
5749
5863
5752
5863
5898
5736
5828
5947
5794
5865
5821
6044
5902
5996
5932
6009
6025
5864
6073
6035
6153
6090
6232
6223
6147
6064
6144
6239
6422
6338
6340
6377
6474
6432
6421
6313
6468
6489
6591
6549
6588
6672
6591
6595
6505
6594
6750
6937
6965
6855
6914
7032
6855
7059
7026
6915
7116
7167
7057
7181
7248
7351
7435
7410
7391
7469
7486
7501
7644
7435
7778
7554
7761
7926
7952
7871
7919
7911
8139
7900
7992
8100
8149
8105
8209
8369
8442
8173
8278
8555
8455
8570
8569
8665
8756
8592
8741
8723
8772
8894
8712
8831
8754
8746
8800
8815
8924
8918
8923
8782
8917
9023
9171
8951
8947
9071
9114
9128
9007
9103
8986
9205
8998
9141
9042
9059
9254
9013
9121
8980
9136
9138
8922
8928
8919
8972
8895
8896
8920
8749
8778
8731
8765
8727
8739
8667
8676
8634
8602
8644
8421
8329
8525
8410
8309
8328
8304
8197
8157
8186
8013
8040
7891
7894
7764
7758
7708
7483
7645
7588
7480
7538
7443
7216
7416
7213
7000
6974
7067
7006
6794
6758
6887
6772
6712
6582
6596
6547
6417
6518
6337
6303
6213
6181
6265
5985
6148
6104
5858
5847
5702
5805
5692
5651
5718
5543
5508
5432
5496
5420
5467
5404
5308
5233
5308
5253
5138
5131
5154
5096
5101
4989
5137
5140
5061
5041
5110
4937
4944
4941
4942
5061
5004
5082
5074
5019
5083
5047
4975
4947
4990
5065
5034
5101
5080
5031
5029
5184
5046
5031
5247
5198
5243
5322
5296
5385
5509
5465
5601
5506
5663
5684
5613
5844
5761
5823
6016
5966
6002
6288
6193
6182
6454
6472
6401
6637
6695
6717
6718
6957
6885
6979
7131
7142
7272
7392
7649
7632
7713
7875
7794
8064
8095
8176
8342
8573
8419
8861
8820
8722
8898
9054
9279
9348
9576
9384
9622
9767
10130
10057
10147
10495
10438
10700
10676
11082
11324
11263
11227
11479
11595
11537
11716
11922
12109
12389
12268
12644
12568
12833
12971
13359
13264
13328
13695
13664
13889
13990
14081
14273
14337
14663
14580
15081
14985
14845
15092
15281
15448
15582
15487
15683
15713
15745
16131
16303
16374
16267
16400
16790
16612
16703
17168
17051
17169
17389
17475
17155
17598
17564
17628
17618
17825
17872
18069
17761
18141
18427
18424
18393
18261
18246
18392
18551
18346
18555
18634
18417
18680
18531
18689
18794
18989
18891
18736
18692
18575
18770
18578
18605
18719
18607
18606
18697
18857
18740
18978
18414
18563
18621
18417
18433
18428
18313
18314
18203
18201
17997
18073
17898
17927
17919
18091
17674
17708
17587
17570
17424
17278
17235
17298
16994
17183
16827
16593
16838
16550
16473
16443
16031
16281
16003
15818
16117
15660
15525
15650
15588
15467
15494
15140
14884
14736
14733
14576
14720
14543
14281
14176
13827
14073
13805
13699
13593
13721
13217
13257
13025
12957
12821
12823
12645
12676
12538
12101
12188
12075
11975
11842
11769
11654
11541
11331
11302
11014
10922
10989
10977
10869
10556
10666
10528
10452
10292
10151
10015
9874
9745
9645
9604
9576
9645
9319
9289
9181
9091
9159
8911
8838
8880
8713
8533
8750
8596
8297
8285
8196
8156
8058
8030
7825
7821
7849
7760
7786
7649
7418
7527
7406
7210
7128
7139
7048
7053
6938
6826
6882
6810
6702
6739
6552
6625
6296
6459
6198
6355
6148
6256
6225
6084
5896
5961
6035
5727
5795
5608
5666
5589
5454
5524
5540
5383
5482
5215
5226
5272
5185
5143
4958
4947
5034
5012
4957
4872
4598
4726
4698
4668
4670
4519
4548
4564
4411
4301
4256
4305
4238
4180
4061
4120
3983
3967
3983
3890
3829
3755
3714
3669
3700
3644
3448
3556
3660
3483
3396
3341
3335
3346
3354
3236
3184
3224
3260
3085
3064
3043
2996
2978
3008
2953
2940
2882
2778
2749
2710
2694
2546
2685
2656
2563
2656
2522
2487
2492
2442
2458
2358
2398
2311
2371
2307
2300
2312
2256
2134
2175
2146
2175
2105
2024
1970
1989
2008
2008
1957
1912
1931
1880
1794
1896
1840
1792
1825
1795
1834
1803
1821
1692
1682
1725
1664
1721
1653
1610
1621
1638
1624
1581
1552
1594
1529
1541
1517
1484
1525
1532
1564
1537
1522
1515
1446
1416
1460
1369
1504
1443
1444
1415
1367
1457
1378
1403
1436
1370
1395
1440
1395
1370
1341
1431
1317
1377
1359
1402
1259
1362
1332
1342
1277
1338
1349
1380
1336
1272
1332
1269
1290
1264
1302
1234
1296
1249
1308
1307
1246
1279
1241
1227
1235
1227
1192
1227
1272
1305
1271
1232
1231
1213
1264
1134
1214
1183
1177
1173
1181
1207
1199
1188
1208
1261
1184
1241
1186
1104
1156
1228
1213
1141
1169
1119
1126
1089
1154
1083
1150
1165
1107
1122
1100
1143
1101
1147
1070
1105
1078
1095
1090
1114
1073
1052
1054
1040
1034
1105
1061
1004
1066
1005
1005
972
993
956
1031
939
1032
976
940
1026
974
993
973
970
913
892
924
883
873
870
911
936
854
850
859
858
845
792
847
811
806
759
739
811
825
785
830
764
789
701
761
759
719
732
703
690
687
705
671
677
657
659
642
618
649
631
631
619
635
632
650
605
576
606
560
585
547
564
538
520
546
535
499
487
514
532
505
525
458
471
450
480
446
493
431
469
423
406
434
439
399
440
421
444
410
377
367
372
341
359
360
383
352
339
330
345
339
313
337
329
306
326
293
304
300
303
289
274
286
294
264
295
255
269
270
244
267
211
264
262
234
258
246
259
214
217
220
184
231
215
223
188
190
198
187
189
197
196
186
157
176
171
152
186
145
171
162
175
152
156
161
157
139
157
140
150
145
154
158
135
133
118
138
120
125
139
134
105
112
139
113
119
115
124
114
91
83
130
111
88
113
115
93
87
105
101
90
83
107
104
86
80
81
75
88
93
71
80
84
84
78
102
82
85
75
80
80
75
86
78
84
73
72
80
77
70
74
80
80
58
69
75
57
77
68
65
61
66
69
81
71
58
61
68
52
49
65
43
56
65
46
69
58
67
60
50
47
50
52
56
46
43
47
63
51
64
49
55
43
53
42
52
46
41
35
61
39
45
44
49
50
42
48
48
50
46
40
37
44
48
37
49
42
46
41
31
38
37
38
32
33
38
34
42
39
39
35
32
35
35
30
40
41
41
42
35
41
32
29
36
35
37
33
30
37
34
28
35
41
45
32
36
29
29
36
33
22
26
35
41
27
25
24
31
27
35
34
31
27
32
35
30
24
32
32
25
30
30
22
23
31
29
26
30
24
28
32
29
28
26
20
22
27
28
31
26
30
24
22
25
34
32
24
33
27
30
30
20
30
27
33
22
17
21
30
32
23
16
38
24
23
32
31
28
29
25
22
27
20
34
29
29
16
30
28
19
19
27
31
27
29
31
31
33
25
21
28
22
19
26
20
32
16
20
25
21
22
24
24
26
25
26
35
24
19
17
21
22
16
22
25
22
22
21
24
23
18
19
27
20
26
14
18
25
21
21
28
24
18
33
33
22
20
16
22
11
24
20
22
21
18
17
24
21
18
22
21
16
18
25
19
23
22
22
25
14
19
12
23
31
14
13
24
15
18
24
24
16
21
19
20
18
17
18
26
10
15
19
19
26
16
13
20
19
13
15
14
20
24
18
8
17
26
24
17
12
23
21
15
18
17
20
23
15
18
22
20
17
20
20
17
14
16
14
15
22
17
14
12
7
8
13
20
14
16
16
19
16
13
12
13
16
14
14
19
17
12
16
21
17
19
15
10
20
18
14
22
22
15
20
8
16
15
13
16
15
7
14
22
16
16
8
10
18
14
11
14
11
13
19
10
18
16
19
16
17
19
11
13
21
16
21
18
13
22
27
14
13
9
14
19
14
20
15
16
13
17
22
16
7
14
16
6
17
13
11
17
8
17
15
15
18
8
14
11
16
14
11
17
15
16
9
7
11
12
25
16
14
11
16
18
9
15
10
21
17
16
9
23
12
12
14
16
11
9
11
15
17
17
8
16
19
13
15
13
16
13
10
15
17
18
15
15
10
10
14
13
15
11
10
8
14
19
10
19
6
14
14
12
17
14
17
14
13
17
13
12
20
15
12
14
12
8
15
10
11
13
9
12
15
13
15
10
12
9
11
8
15
13
14
17
11
15
7
17
12
14
16
10
16
16
9
11
17
16
14
14
12
12
17
13
9
14
14
11
16
13
13
9
10
11
10
20
12
12
10
19
14
11
13
11
14
12
7
9
17
12
15
17
10
13
15
21
10
20
10
11
15
13
9
12
15
8
9
9
16
18
13
15
9
10
13
10
14
10
12
13
19
16
10
11
16
16
10
16
14
11
13
21
14
16
16
17
10
16
12
10
7
11
18
15
7
14
17
9
10
6
12
15
12
7
18
10
8
4
7
11
16
12
14
11
8
12
13
21
12
13
10
15
11
5
13
6
12
10
9
14
13
6
11
11
5
12
12
9
1
8
10
13
15
13
13
6
10
15
12
9
11
15
11
9
9
9
18
11
10
10
15
15
8
10
9
17
12
9
10
9
8
9
18
9
11
14
12
12
9
12
8
18
12
11
13
10
10
8
10
13
8
13
6
8
6
11
6
8
12
13
11
5
11
11
6
13
7
16
8
11
9
12
7
9
15
13
16
6
8
6
13
7
10
11
10
10
10
10
3
7
11
13
14
5
14
12
8
6
5
10
12
12
11
8
11
9
6
12
9
6
12
7
11
11
10
11
11
8
1
2
13
11
10
3
6
5
13
4
9
15
7
7
8
14
6
8
12
4
3
10
10
8
6
7
10
9
10
9
10
8
9
9
8
9
8
11
3
10
8
7
8
10
8
11
10
8
11
9
12
8
6
10
8
6
8
10
9
6
15
13
9
7
4
8
3
6
6
10
5
10
7
11
6
8
3
10
7
9
7
7
8
8
6
8
7
9
12
6
5
12
11
6
7
12
7
8
8
8
4
7
6
1
18
11
9
5
10
8
3
7
9
4
7
5
8
5
4
12
4
7
11
6
5
9
7
4
7
7
5
8
7
3
9
9
11
7
10
2
7
9
6
7
6
6
7
9
8
6
8
8
3
3
6
7
6
6
11
5
13
10
4
7
5
7
7
4
13
3
3
5
8
2
7
6
10
9
5
10
10
11
8
8
4
10
7
9
3
4
2
5
7
2
11
13
7
10
10
4
7
6
5
5
6
5
6
7
7
5
5
12
10
8
7
9
10
8
5
6
18
8
6
6
4
0
3
2
11
7
7
7
2
6
5
12
9
9
6
5
7
0
3
8
8
8
8
3
3
4
2
6
8
5
6
8
3
7
5
7
5
2
7
3
4
5
3
6
4
6
5
6
6
4
6
4
2
5
7
5
5
1
5
3
9
2
4
7
4
5
6
2
4
6
4
6
6
6
4
1
1
5
5
4
2
5
6
4
6
3
3
5
6
3
5
4
4
4
5
2
4
2
5
1
5
3
8
2
5
3
3
5
10
3
4
4
2
4
4
2
3
4
3
3
3
9
4
6
5
6
2
2
2
2
2
2
4
1
4
1
3
4
4
5
3
1
6
3
4
2
3
5
4
3
3
2
2
6
5
4
1
3
3
3
2
3
1
2
1
4
4
6
3
1
4
6
3
3
5
3
2
1
2
5
3
1
2
8
4
1
2
2
2
2
1
3
1
2
3
1
4
1
5
1
4
2
3
4
2
4
2
1
6
4
2
3
1
3
2
3
2
1
6
3
2
2
2
2
2
0
1
1
3
1
4
3
2
1
3
1
2
0
2
0
2
3
1
2
3
3
0
0
2
2
5
2
0
1
2
2
3
1
0
3
2
1
2
1
0
0
2
2
0
2
0
1
0
2
6
0
0
5
1
2
2
0
1
4
1
1
0
1
2
0
6
1
0
0
0
3
4
2
2
2
3
0
2
1
1
2
1
1
0
2
1
2
2
2
0
2
1
1
1
2
0
1
2
0
1
0
1
2
4
2
1
2
1
1
2
2
1
0
3
2
2
2
0
2
1
1
3
2
2
0
2
0
0
4
0
0
0
1
3
2
0
1
0
1
2
0
1
1
2
4
1
1
2
1
1
1
2
0
1
1
1
1
1
0
1
1
1
1
3
2
3
0
2
2
3
1
4
1
1
1
1
0
1
0
0
3
2
1
2
1
0
0
1
0
0
1
0
0
0
0
3
0
0
0
0
2
4
0
0
0
0
1
0
0
0
0
1
1
2
2
3
0
0
3
1
0
1
0
1
0
0
2
3
1
2
0
2
3
0
1
1
1
1
0
0
2
2
0
0
1
0
1
0
0
1
0
1
0
1
0
1
0
0
0
1
0
1
0
0
1
0
1
0
1
0
0
0
2
0
2
1
1
2
1
1
1
1
0
1
1
0
0
0
2
0
1
0
1
0
0
1
0
0
0
0
0
0
1
0
0
0
0
1
0
0
0
0
0
1
0
1
0
0
1
1
0
0
0
0
1
0
1
1
1
1
2
0
0
0
0
0
0
1
0
1
0
1
1
0
1
0
0
0
0
0
0
1
0
0
0
2
0
0
0
0
0
0
0
2
1
1
1
0
1
0
0
1
3
0
2
0
0
0
0
0
1
0
0
0
0
0
1
0
0
0
0
1
1
0
0
0
0
0
1
0
2
0
1
0
1
0
1
1
0
0
0
0
0
0
0
0
0
0
1
0
1
0
0
0
0
0
0
0
0
0
0
0
0
0
0
0
1
0
0
0
0
0
0
0
0
0
1
0
0
0
0
0
1
0
0
0
1
1
0
0
0
0
0
0
0
0
0
0
1
0
0
0
2
2
0
1
0
0
0
1
0
0
1
0
0
0
0
1
0
0
0
0
1
1
1
0
0
0
0
0
1
0
0
0
0
0
1
1
1
0
0
0
0
0
0
0
0
0
0
0
1
2
0
0
0
0
0
0
0
1
0
0
0
0
0
0
0
0
1
0
0
0
0
0
0
0
0
1
0
0
0
0
0
1
0
0
2
1
0
0
0
0
0
1
0
0
1
1
1
0
0
0
0
0
1
0
0
0
0
0
0
0
0
0
0
1
0
0
0
0
0
0
0
0
1
0
0
0
0
0
0
0
0
0
0
0
0
0
0
2
0
0
1
0
1
1
0
0
0
0
0
1
0
0
1
0
0
0
0
0
0
1
0
0
0
0
0
1
0
0
0
0
0
0
0
0
0
0
0
0
1
1
0
0
0
0
0
0
0
0
0
0
0
1
1
0
0
0
0
0
0
0
0
0
0
0
1
0
0
0
0
0
0
0
0
0
0
1
0
1
0
0
1
0
0
0
0
1
0
0
0
0
0
0
0
0
0
0
1
0
0
0
0
0
0
1
0
0
0
0
0
0
0
0
1
0
0
1
0
0
0
0
0
0
1
1
0
0
1
0
0
0
0
1
0
0
1
1
0
0
0
0
0
0
0
0
0
1
0
0
1
0
0
0
0
0
0
0
0
0
0
0
0
0
0
0
0
0
0
0
0
0
0
0
0
0
0
0
0
0
1
0
0
0
0
0
0
1
0
1
0
0
0
0
0
0
0
0
0
0
1
0
1
0
0
1
0
0
0
0
0
1
2
0
0
0
0
0
1
1
0
0
0
0
0
0
0
1
0
0
0
0
0
0
0
2
0
0
0
0
0
1
0
1
0
0
1
0
1
0
0
0
0
0
0
1
0
0
0
0
0
0
0
0
1
0
0
1
0
0
0
0
1
0
0
0
0
0
0
0
1
0
1
1
0
0
0
0
1
0
0
0
0
0
1
0
0
0
0
0
0
0
0
0
0
0
0
0
0
0
0
0
0
0
0
0
1
0
0
1
0
0
0
0
0
0
0
0
0
1
0
1
0
0
1
1
0
0
0
1
0
1
0
0
0
0
0
0
0
0
0
1
0
0
0
0
0
0
0
0
0
0
0
1
0
0
1
1
0
0
0
0
0
0
1
0
0
1
0
0
0
0
0
0
0
0
0
0
0
0
0
1
0
0
1
0
0
1
0
0
0
0
1
1
1
0
0
1
0
1
0
0
0
0
1
0
0
0
0
0
0
0
2
0
0
0
0
0
0
0
0
0
0
0
0
0
0
0
0
0
0
0
0
0
0
0
0
0
0
0
1
0
0
0
1
0
0
0
2
0
0
0
1
0
0
0
0
0
0
0
0
0
1
0
0
0
0
0
0
0
0
0
0
0
0
0
0
0
0
0
0
0
0
0
0
0
0
0
0
0
0
1
0
0
0
0
0
0
0
0
0
0
0
0
0
0
0
0
0
1
0
0
0
0
0
0
0
0
0
0
0
0
0
0
1
0
1
0
0
0
1
0
0
0
0
0
0
0
1
0
0
0
0
0
0
0
0
0
0
1
0
0
0
0
0
0
0
0
0
0
0
0
0
1
0
0
0
0
0
0
0
0
0
0
0
0
0
0
1
0
0
0
0
0
0
0
0
0
0
0
0
0
1
0
0
0
0
1
0
0
1
0
0
0
0
0
0
0
0
0
0
0
0
0
0
0
0
0
0
0
0
0
1
0
0
0
0
0
0
0
0
0
0
0
0
1
0
0
0
0
0
0
0
0
1
0
0
1
0
1
0
0
0
0
1
0
0
1
0
1
0
0
0
0
0
1
0
0
0
0
0
0
1
0
1
0
0
0
0
0
1
0
0
0
0
0
0
1
0
1
0
0
0
0
0
0
0
0
0
0
1
0
1
0
0
1
0
1
0
0
0
0
0
0
0
0
0
0
0
0
1
0
0
1
0
1
0
1
0
1
0
0
1
0
0
0
0
0
0
0
0
0
0
1
1
0
1
0
0
0
0
0
0
0
0
0
0
0
0
0
0
0
0
0
0
0
0
0
0
1
0
0
0
0
0
0
0
0
0
0
0
1
1
1
0
0
0
0
0
0
0
0
0
0
0
0
0
0
0
0
0
0
0
0
0
0
0
0
0
1
0
0
1
0
0
0
1
0
0
1
0
0
1
0
0
0
0
1
1
0
0
0
0
1
0
0
1
1
0
0
2
0
0
1
0
0
0
0
0
0
0
1
0
0
0
0
0
0
0
0
0
0
0
0
0
1
0
0
0
0
0
0
0
0
0
0
0
0
0
0
0
0
0
0
0
0
0
0
0
0
0
0
0
1
0
0
0
0
0
0
0
0
0
0
0
0
0
0
0
0
0
0
1
0
0
0
0
1
0
0
2
0
0
0
0
0
0
0
0
0
0
0
0
0
0
0
1
0
0
0
0
0
0
0
0
0
0
0
0
1
0
0
0
0
3
0
1
1
0
0
0
1
1
1
0
0
0
0
0
1
0
0
0
0
0
1
1
0
1
0
0
0
0
0
0
1
0
0
0
0
0
0
0
0
0
0
0
2
2
0
0
0
0
2
1
0
0
0
0
1
0
0
0
0
0
0
0
0
0
0
0
0
0
2
0
0
0
0
0
0
0
0
0
0
1
1
0
1
1
0
0
0
0
1
0
0
1
1
1
0
0
0
0
0
1
0
0
0
0
0
0
0
0
0
0
1
0
0
0
0
0
0
0
0
0
0
0
0
0
0
1
1
0
0
0
0
0
1
0
0
0
0
0
0
0
0
0
0
0
0
0
0
0
0
0
0
0
0
0
1
0
0
0
0
0
0
0
0
0
1
1
0
0
1
0
0
0
0
0
0
0
0
0
0
0
0
0
3
0
0
0
0
0
0
0
0
0
0
1
0
0
0
0
0
1
0
0
0
1
0
0
0
0
0
0
0
0
0
0
0
0
0
0
1
0
0
0
0
0
0
0
0
0
0
0
0
1
0
0
0
2
0
0
0
0
0
0
0
0
0
0
0
0
1
1
0
0
0
0
1
0
0
1
0
0
0
0
0
0
0
0
0
0
2
0
0
0
0
0
0
1
0
0
0
0
0
0
0
0
0
0
0
0
0
0
0
1
1
0
0
0
0
0
0
1
0
0
0
0
1
0
0
0
0
0
0
0
0
0
0
0
0
0
0
0
0
0
0
0
0
0
0
0
0
0
0
0
0
0
0
0
0
0
0
0
0
0
0
1
0
0
0
0
1
0
0
0
1
0
0
0
0
1
0
0
0
0
0
0
0
1
0
0
0
0
0
0
0
0
1
0
3
0
0
1
0
0
0
0
0
0
0
0
0
0
0
0
0
0
0
1
0
0
0
0
0
0
0
0
0
0
0
0
0
0
0
1
0
0
0
0
0
0
0
0
0
1
0
0
0
0
0
0
0
0
0
0
0
0
0
0
0
0
1
0
1
0
0
0
0
0
0
0
0
0
0
0
0
0
1
0
0
0
0
0
0
1
0
1
1
0
0
0
0
1
0
0
0
0
0
0
0
0
0
0
0
0
0
0
0
0
0
0
1
0
0
0
0
0
0
0
0
0
0
0
0
0
0
0
0
0
0
0
0
0
0
0
0
0
1
0
0
0
0
0
0
0
0
0
0
0
0
0
0
0
0
1
0
0
0
0
0
0
0
0
0
0
1
0
0
0
0
0
0
0
0
0
1
0
0
0
0
0
0
0
0
0
0
0
1
0
0
1
0
0
0
0
0
0
0
0
0
0
0
0
0
0
0
0
0
1
1
0
0
0
0
0
0
0
0
0
1
0
0
0
0
0
0
0
0
0
0
0
0
0
0
0
1
1
0
0
1
0
0
0
0
0
0
0
0
0
0
0
0
0
0
0
0
0
0
0
0
0
0
0
0
0
0
0
0
0
0
0
0
0
0
0
0
0
0
0
0
1
0
1
1
0
0
0
0
0
0
1
0
0
0
0
1
0
0
0
0
0
0
0
1
0
0
0
0
0
0
0
0
0
0
0
0
0
0
0
0
0
1
0
0
0
0
0
0
0
0
0
0
0
0
2
0
1
0
0
0
1
0
0
0
1
0
0
0
0
0
0
0
1
0
0
0
0
0
0
0
1
0
0
1
0
1
0
0
1
0
0
1
0
0
0
1
1
0
0
0
0
0
0
0
0
0
1
0
0
0
0
1
0
1
0
0
0
0
1
0
1
0
0
0
0
0
1
0
0
0
0
2
0
0
1
0
0
0
0
0
0
0
0
0
0
0
1
2
0
0
0
0
0
0
1
0
0
1
2
0
1
0
0
1
0
0
0
0
0
1
0
1
2
1
0
1
0
0
1
1
1
1
0
0
1
0
0
1
0
0
1
1
0
0
0
0
1
1
1
0
0
0
0
0
0
1
1
0
0
0
1
1
0
0
1
1
0
0
0
1
0
0
0
0
1
0
1
0
0
1
0
0
0
0
1
0
0
0
0
0
0
0
1
1
1
0
0
0
2
0
0
0
0
2
1
0
1
0
0
0
0
0
0
1
0
1
0
0
1
1
0
0
0
1
0
0
0
0
1
0
0
0
0
0
0
0
0
0
0
0
0
0
0
0
0
1
1
1
2
0
0
0
0
0
0
0
0
1
0
0
0
1
0
0
0
0
0
0
0
0
0
0
0
1
0
0
0
0
0
0
0
1
0
0
0
0
0
0
0
0
0
0
0
0
0
0
0
0
0
0
0
0
0
1
0
0
0
0
0
0
0
0
0
0
1
1
0
1
0
0
0
0
0
0
0
0
1
0
0
0
0
0
0
0
0
0
0
0
0
0
0
0
0
0
0
0
0
0
0
0
0
0
1
0
1
0
0
0
0
0
0
1
0
0
0
0
0
0
0
1
1
0
0
0
0
2
0
0
0
0
0
0
0
0
0
0
0
0
0
0
0
0
0
1
0
0
0
0
1
0
0
0
0
0
1
0
0
0
1
0
0
0
0
0
0
0
0
0
0
0
0
0
0
0
0
1
0
0
0
0
0
1
0
0
0
0
0
0
0
0
0
1
0
0
0
0
0
0
0
0
0
0
0
0
0
0
0
0
0
0
0
0
0
0
0
0
0
0
0
0
0
0
0
0
0
0
0
1
1
0
0
0
0
0
0
0
0
0
0
0
0
0
0
0
0
0
0
0
0
0
0
0
0
0
0
0
0
0
0
0
0
1
0
0
0
1
0
0
0
0
0
0
0
1
1
0
0
0
0
0
1
1
0
0
0
0
0
0
0
0
0
0
1
0
0
0
0
0
0
0
0
0
0
0
0
0
0
0
0
0
0
0
0
0
0
2
0
0
0
0
1
0
0
1
0
1
0
0
0
0
1
0
0
0
0
0
0
0
0
0
0
0
0
0
0
0
0
0
0
1
1
0
0
0
0
0
0
1
1
0
0
1
0
0
0
0
0
0
0
0
0
0
0
0
0
0
0
0
0
0
0
0
0
0
0
1
0
0
0
0
0
0
1
0
1
0
0
0
0
0
0
0
0
0
0
0
0
0
0
0
0
0
0
0
0
0
0
0
1
0
0
0
0
0
2
0
0
1
0
1
1
1
1
0
2
1
0
0
0
0
0
1
0
0
0
0
1
0
0
1
0
1
0
1
1
0
1
1
0
1
1
0
0
3
1
0
0
1
1
0
1
0
0
1
0
0
0
0
0
0
1
0
0
0
0
0
0
0
0
1
0
0
0
0
0
0
0
0
0
0
0
0
0
0
0
0
0
0
0
0
0
0
0
0
0
0
0
0
0
0
0
0
0
0
0
0
0
0
0
0
0
0
0
0
0
0
0
0
0
0
0
0
0
0
0
0
0
0
0
0
0
0
0
0
0
0
0
0
0
0
0
0
0
0
0
0
0
0
0
0
0
0
0
0
0
0
0
0
0
0
0
0
0
0
0
0
0
0
0
0
0
0
0
0
0
0
0
0
0
0
0
0
0
0
0
0
0
0
0
0
0
0
0
0
0
0
0
0
0
0
0
0
0
0
0
0
0
0
0
0
0
0
0
0
0
0
0
0
0
0
0
0
0
0
0
0
0
0
0
0
0
0
0
0
0
0
0
0
0
0
0
0
0
0
0
0
0
0
0
0
0
0
0
0
0
0
0
0
0
0
0
0
0
0
0
0
0
0
0
0
0
0
0
0
0
0
0
0
0
0
0
0
0
0
0
0
0
0
0
0
0
0
0
0
0
0
0
0
0
0
0
0
0
0
0
0
0
0
0
0
0
0
0
0
0
0
0
0
0
0
0
0
0
0
0
0
0
0
0
0
0
0
0
0
0
0
0
0
0
0
0
0
0
0
0
0
0
0
0
0
0
0
0
0
0
0
0
0
0
0
0
0
0
0
0
0
0
0
0
0
0
0
0
0
0
0
0
0
0
0
0
0
0
0
0
0
0
0
0
0
0
0
0
0
0
0
0
0
0
0
0
0
0
0
0
0
0
0
0
0
0
0
0
0
0
0
0
0
0
0
0
0
0
0
0
0
0
0
0
0
0
0
0
0
0
0
0
0
0
0
0
0
0
0
0
0
0
0
0
0
0
0
0
0
0
0
0
0
0
0
0
0
0
0
0
0
0
0
0
0
0
0
0
0
0
0
0
0
0
0
0
0
0
0
0
0
0
0
0
0
0
0
0
0
0
0
0
0
0
0
0
0
0
0
0
0
0
0
0
0
0
0
0
0
0
0
0
0
0
0
0
0
0
0
0
0
0
0
0
0
0
0
0
0
0
0
0
0
0
0
0
0
0
0
0
0
0
0
0
0
0
0
0
0
0
0
0
0
0
0
0
0
0
0
0
0
0
0
0
0
0
0
0
0
0
0
0
0
0
0
0
0
0
0
0
0
0
0
0
0
0
0
0
0
0
0
0
0
0
0
0
0
0
0
0
0
0
0
0
0
0
0
0
0
0
0
0
0
0
0
0
0
0
0
0
0
0
0
0
0
0
0
0
0
0
0
0
0
0
0
0
0
0
0
0
0
0
0
0
0
0
0
0
0
0
0
0
0
0
0
0
0
0
0
0
0
0
0
0
0
0
0
0
0
0
0
0
0
0
0
0
0
0
0
0
0
0
0
0
0
0
0
0
0
0
0
0
0
0
0
0
0
0
0
0
0
0
0
0
0
0
0
0
0
0
0
0
0
0
0
0
0
0
0
0
0
0
0
0
0
0
0
0
0
0
0
0
0
0
0
0
0
0
0
0
0
0
0
0
0
0
0
0
0
0
0
0
0
0
0
0
0
0
0
0
0
0
0
0
0
0
0
0
0
0
0
0
0
0
0
0
0
0
0
0
0
0
0
0
0
0
0
0
0
0
0
0
0
0
0
0
0
0
0
0
0
0
0
0
0
0
0
0
0
0
0
0
0
0
0
0
0
0
0
0
0
0
0
0
0
0
0
0
0
0
0
0
0
0
0
0
0
0
0
0
0
0
0
0
0
0
0
0
0
0
0
0
0
0
0
0
0
0
0
0
0
0
0
0
0
0
0
0
0
0
0
0
0
0
0
0
0
0
0
0
0
0
0
0
0
0
0
0
0
0
0
0
0
0
0
0
0
0
0
0
0
0
0
0
0
0
0
0
0
0
0
0
0
0
0
0
0
0
0
0
0
0
0
0
0
0
0
0
0
0
0
0
0
0
0
0
0
0
0
0
0
0
0
0
0
0
0
0
0
0
0
0
0
0
0
0
0
0
0
0
0
0
0
0
0
0
0
0
0
0
0
0
0
0
0
0
0
0
0
0
0
0
0
0
0
0
0
0
0
0
0
0
0
0
0
0
0
0
0
0
0
0
0
0
0
0
0
0
0
0
0
0
0
0
0
0
0
0
0
0
0
0
0
0
0
0
0
0
0
0
0
0
0
0
0
0
0
0
0
0
0
0
0
0
0
0
0
0
0
0
0
0
0
0
0
0
0
0
0
0
0
0
0
0
0
0
0
0
0
0
0
0
0
0
0
0
0
0
0
0
0
0
0
0
0
0
0
0
0
0
0
0
0
0
0
0
0
0
0
0
0
0
0
0
0
0
0
0
0
0
0
0
0
0
0
0
0
0
0
0
0
0
0
0
0
0
0
0
0
0
0
0
0
0
0
0
0
0
0
0
0
0
0
0
0
0
0
0
0
0
0
0
0
0
0
0
0
0
0
0
0
0
0
0
0
0
0
0
0
0
0
0
0
0
0
0
0
0
0
0
0
0
0
0
0
0
0
0
0
0
0
0
0
0
0
0
0
0
0
0
0
0
0
0
0
0
0
0
0
0
0
0
0
0
0
0
0
0
0
0
0
0
0
0
0
0
0
0
0
0
0
0
0
0
0
0
0
0
0
0
0
0
0
0
0
0
0
0
0
0
0
0
0
0
0
0
0
0
0
0
0
0
0
0
0
0
0
0
0
0
0
0
0
0
0
0
0
0
0
0
0
0
0
0
0
0
0
0
0
0
0
0
0
0
0
0
0
0
0
0
0
0
0
0
0
0
0
0
0
0
0
1
0
8
5
7
6
5
3
3
3
2
2
2
2
4
7
2
6
3
1
2
7
2
2
5
8
8
2
4
5
4
4
3
7
3
2
4
2
6
3
4
2
7
7
2
5
3
5
5
4
3
2
4
3
6
5
3
4
7
4
7
4
3
3
6
4
3
3
3
8
3
5
7
4
6
3
1
2
4
2
4
3
1
3
4
3
6
5
4
2
2
1
4
4
4
6
7
5
3
5
5
5
4
5
3
1
2
4
3
5
3
3
6
5
0
6
2
5
7
2
4
0
3
8
5
1
8
5
