0
0
0
0
0
0
0
0
0
0
0
0
0
0
0
0
0
0
0
0
0
0
0
0
0
0
0
0
0
0
0
0
0
0
0
0
0
0
0
0
0
0
0
0
0
0
0
0
0
0
0
0
0
0
0
0
0
0
0
0
0
0
0
0
0
0
0
0
0
0
0
0
0
0
0
0
0
0
0
0
0
0
0
0
0
0
0
0
1
0
0
0
0
0
0
0
0
0
0
0
0
0
0
0
0
0
0
0
0
0
0
0
0
0
0
0
0
0
1
0
0
0
0
0
0
1
3
2
7
3
7
6
10
15
22
32
28
26
15
8
1
1
7
4
12
8
9
8
14
15
17
20
36
28
29
35
32
47
33
44
59
65
57
82
70
69
137
139
187
241
370
515
635
838
1082
1391
1595
1988
2298
2800
3058
3340
3632
3810
4001
4104
4277
4494
4598
4915
5063
5330
5350
5542
5839
6152
6431
6498
6668
6822
7074
7291
7336
7562
7614
7757
7932
7930
7884
8257
8198
8411
8573
8818
9327
9374
9511
9801
10431
10709
10986
11576
11892
12341
12697
13490
13783
14509
15180
15934
16196
17331
18246
18761
19720
20502
21506
22745
24007
24990
26461
27534
29131
30448
32094
33764
35563
37188
39474
41338
43172
45617
47729
50464
52865
55545
58077
61156
64113
67011
70222
73348
77222
80658
84660
87754
91507
96120
99882
103334
106533
111565
115387
118455
121924
126061
129922
133030
135924
138791
142574
144949
147447
149366
151077
153147
154762
156341
156870
156001
156749
156814
155472
155628
154562
152944
151226
149367
147275
143795
141945
139007
135042
132053
128526
125400
121787
117384
112857
109317
105261
101464
96975
93244
89742
85896
82725
78004
74822
70730
66965
63655
60010
56695
53036
49921
47378
44026
41314
38861
36681
34254
31982
30288
28337
26191
24772
23508
21663
20290
18941
17830
16580
15555
14553
13639
12774
11832
11256
10446
9707
9293
8444
7896
7434
7068
6808
6351
6133
5695
5342
4994
4853
4682
4427
4206
4032
3848
3793
3631
3552
3515
3364
3336
3251
3164
3113
3129
2923
2978
2977
2970
2897
2811
2864
2897
2858
2802
2791
2868
2823
2875
2869
2844
2843
2828
2937
2839
2880
2932
2880
2874
2970
2919
2980
2879
2928
2966
3035
2951
3123
3056
3089
3114
3078
3261
3228
3267
3218
3245
3307
3442
3460
3393
3347
3520
3491
3457
3590
3679
3703
3763
3805
3846
3986
3961
4078
4034
4101
4313
4221
4226
4455
4502
4453
4580
4617
4690
4739
4891
4806
5000
5094
5201
5296
5418
5460
5528
5592
5757
5834
5963
5914
5975
6062
6170
6261
6452
6495
6563
6582
6772
6702
6894
6813
6835
7137
7265
7166
7330
7424
7386
7493
7511
7503
7629
7700
7615
7776
7825
7890
7914
7979
7943
8086
7982
8138
8021
8121
8091
8221
8124
8139
8095
8089
8356
8160
8186
8300
8156
8236
8247
8144
8315
8276
8348
8242
8343
8050
7960
8044
7852
8161
8057
7828
8103
7999
7981
7825
7791
7835
7668
7722
7492
7361
7501
7517
7322
7349
7336
7358
7142
7214
7082
6928
6751
6918
6684
6716
6657
6647
6648
6613
6422
6318
6197
6286
6133
6220
6015
6024
5969
6022
5955
5742
5735
5825
5667
5368
5462
5521
5476
5273
5423
5230
5296
5271
5090
5182
5076
5062
5063
4935
4882
4917
4958
4901
4787
4729
4880
4861
4725
4821
4714
4725
4717
4712
4829
4685
4762
4752
4668
4806
4703
4838
4652
4775
4822
4935
4847
4905
4788
5019
5062
5022
5123
5208
5358
5387
5434
5405
5539
5817
5804
5984
6194
6159
6456
6591
6817
6917
7010
7498
7490
7847
8108
8202
8530
8744
9023
9317
9755
9987
10488
10902
11041
11763
11745
12276
12858
13294
13729
14397
14689
15062
15541
16218
17044
17069
17931
18424
19075
19512
20291
20936
21545
22004
22850
23660
23886
24897
25309
26015
27005
27491
28402
28516
29085
29932
30746
31364
31944
32371
33060
33875
34304
34613
35584
35436
36001
36795
37000
37051
37508
37975
38493
38759
38674
38818
39350
39805
39300
39230
39521
39422
39451
39376
39326
39348
39346
39080
38966
38436
38271
37953
37469
37067
36783
36490
35998
35747
34938
34497
33909
33644
32993
32833
31878
31228
30443
29422
29323
28453
27828
27026
26749
25980
25243
24924
23978
23540
22636
21784
21588
20813
20371
19466
19017
18488
17715
17172
16544
16185
15462
14587
14193
13912
13294
12668
12477
11988
11421
10898
10425
10134
9939
9534
9109
8826
8363
8262
7791
7488
7080
6986
6591
6360
6203
6098
5806
5645
5410
5332
5074
5051
4818
4846
4527
4513
4357
4241
4167
4041
4018
3870
3852
3699
3774
3728
3711
3654
3460
3449
3522
3538
3467
3418
3428
3292
3455
3326
3420
3374
3355
3361
3317
3419
3473
3376
3485
3568
3487
3594
3563
3675
3622
3711
3731
3734
3780
3788
3894
3883
3800
3904
3972
4016
4029
4096
4058
4202
4226
4364
4222
4291
4413
4461
4400
4473
4557
4626
4687
4692
4768
4690
4949
4858
4824
5024
5138
5155
5076
5201
5344
5222
5305
5269
5285
5386
5408
5440
5544
5421
5587
5603
5456
5611
5701
5791
5773
5658
5810
5753
5808
5672
5785
5631
5827
5834
5776
5923
5942
5782
5882
5863
5744
5843
5789
5891
5777
5728
5593
5644
5553
5601
5779
5682
5488
5602
5508
5529
5341
5366
5492
5439
5371
5231
5220
5257
5020
5158
5183
5096
4910
4885
4987
4943
4852
4734
4714
4764
4657
4609
4428
4414
4418
4389
4390
4300
4264
4042
4046
4046
4046
3961
3934
3850
3816
3787
3850
3656
3583
3597
3608
3566
3461
3586
3328
3444
3303
3367
3319
3275
3312
3241
3103
3084
3114
3077
3040
2872
2990
2978
2868
2914
2842
2903
2809
2700
2807
2764
2703
2664
2814
2653
2643
2618
2631
2630
2653
2630
2526
2548
2493
2524
2509
2597
2452
2453
2532
2557
2438
2489
2402
2463
2513
2419
2503
2371
2336
2435
2335
2349
2303
2429
2350
2370
2367
2328
2318
2369
2351
2367
2267
2293
2247
2346
2337
2251
2257
2358
2341
2261
2346
2193
2325
2317
2220
2257
2216
2164
2199
2236
2285
2249
2230
2204
2204
2275
2178
2159
2256
2192
2198
2213
2155
2255
2129
2233
2094
2135
2132
2193
2160
2180
2208
2151
2240
2209
2153
2224
2194
2093
2163
2170
2091
2178
2231
2237
2134
2163
2145
2108
2121
2128
2116
2173
2052
2037
2076
2133
2158
2079
2120
2007
2073
2145
2098
2048
2072
2066
2097
2034
2045
2040
2048
2080
1991
2150
1980
1995
1996
1999
1960
2078
2011
2064
1939
1956
1987
1939
1936
2045
1886
1955
1926
1929
1941
1892
2005
1915
1936
1983
1922
1962
1928
1916
1926
1918
1932
1831
1959
1937
1886
1940
1911
1873
1886
1973
1913
1876
1864
1898
1884
1776
1919
1827
1872
1802
1889
1839
1780
1758
1891
1836
1851
1850
1807
1902
1869
1823
1902
1755
1818
1829
1744
1788
1834
1738
1765
1817
1770
1795
1845
1861
1737
1899
1654
1765
1779
1743
1833
1799
1802
1911
1779
1845
1748
1716
1830
1732
1767
1830
1852
1793
1843
1798
1856
1747
1775
1778
1818
1836
1835
1837
1827
1771
1899
1912
1898
1868
1964
1864
1935
1906
1939
2044
1950
1876
2030
1989
1950
2095
1995
2044
2026
2066
2076
2116
2036
2135
2174
2221
2207
2195
2244
2268
2283
2275
2310
2256
2198
2350
2474
2468
2452
2450
2434
2573
2551
2648
2617
2577
2544
2693
2742
2672
2840
2793
2808
2771
2926
2929
2982
2922
2983
2897
3095
3094
3075
3207
3116
3003
3219
3184
3293
3269
3416
3330
3326
3382
3388
3421
3405
3464
3450
3583
3634
3469
3598
3615
3657
3668
3764
3719
3711
3808
3693
3685
3723
3786
3881
3812
3826
3834
3865
3848
3778
3997
3836
3926
3816
3753
3896
3866
3889
3855
3830
3725
3775
3710
3858
3829
3746
3790
3625
3842
3746
3739
3706
3750
3658
3605
3643
3613
3617
3696
3654
3489
3462
3403
3401
3351
3414
3419
3245
3415
3355
3346
3204
3182
3219
3183
3146
3045
3043
3034
3032
3026
3012
2938
2886
2878
2827
2740
2798
2692
2640
2649
2614
2605
2589
2505
2505
2411
2464
2279
2432
2362
2312
2341
2291
2292
2186
2231
2115
2215
2068
2140
1983
2072
1967
2067
1985
1928
1947
1959
1809
1887
1842
1824
1847
1738
1815
1728
1775
1736
1787
1674
1709
1626
1648
1557
1546
1599
1581
1596
1573
1528
1522
1444
1503
1515
1549
1494
1508
1510
1431
1486
1490
1479
1359
1463
1446
1418
1442
1485
1434
1366
1424
1480
1437
1426
1475
1396
1481
1446
1459
1357
1358
1391
1370
1415
1453
1334
1409
1397
1391
1355
1338
1416
1389
1356
1398
1429
1383
1417
1421
1483
1408
1370
1410
1379
1423
1400
1397
1410
1409
1430
1442
1406
1425
1417
1385
1448
1413
1404
1347
1403
1450
1402
1474
1371
1410
1354
1445
1406
1375
1426
1354
1427
1409
1354
1395
1371
1409
1393
1355
1355
1440
1411
1305
1439
1388
1460
1376
1368
1302
1367
1363
1378
1353
1374
1313
1476
1353
1369
1366
1343
1395
1316
1409
1336
1340
1274
1318
1246
1317
1311
1313
1335
1308
1347
1261
1346
1249
1263
1302
1306
1268
1240
1259
1270
1304
1295
1253
1248
1285
1259
1228
1294
1279
1234
1223
1256
1233
1237
1269
1216
1231
1240
1185
1229
1190
1178
1152
1237
1208
1261
1165
1187
1187
1166
1198
1138
1127
1217
1188
1104
1162
1180
1137
1163
1154
1114
1062
1116
1184
1115
1083
1128
1115
1073
1228
1102
1082
1074
1136
1147
1135
1126
1086
1079
1150
1116
1106
1078
1079
1171
1094
1090
1115
1149
1161
1114
1128
1114
1110
1090
1034
1149
1078
1170
1140
1153
1164
1156
1157
1175
1169
1147
1104
1235
1151
1156
1168
1136
1217
1120
1232
1209
1190
1221
1177
1217
1231
1216
1229
1196
1200
1243
1246
1284
1318
1332
1256
1335
1345
1260
1391
1390
1290
1454
1419
1496
1396
1446
1536
1560
1427
1524
1557
1534
1570
1651
1635
1581
1586
1735
1712
1784
1683
1723
1791
1747
1786
1752
1844
1971
1918
2016
2013
2036
2053
2073
2092
2145
2157
2232
2161
2206
2260
2272
2393
2276
2423
2472
2532
2446
2677
2556
2671
2677
2718
2756
2732
2745
2942
2860
2970
2981
3075
3118
3177
3121
3154
3261
3204
3387
3288
3417
3439
3430
3542
3578
3717
3700
3853
3701
3780
3904
3757
3974
4010
4000
4023
4055
4266
4186
4218
4283
4339
4363
4346
4439
4428
4454
4527
4569
4694
4658
4708
4710
4883
4850
4723
4832
4835
4934
4973
5040
5106
4990
5181
5190
5124
5106
5163
5327
5329
5266
5270
5383
5485
5311
5335
5540
5572
5398
5466
5476
5390
5551
5443
5525
5439
5403
5450
5450
5496
5337
5454
5344
5521
5398
5412
5309
5384
5380
5398
5359
5367
5417
5224
5322
5210
5210
5228
5363
5190
5062
5225
5091
5143
5188
4965
5015
4886
4973
4969
4858
4893
4763
4656
4687
4664
4750
4709
4567
4512
4564
4423
4383
4314
4367
4253
4236
4158
4153
4016
4166
4068
4097
3970
3817
3877
3795
3845
3690
3687
3578
3701
3509
3451
3590
3532
3367
3380
3348
3267
3188
3119
3096
2997
3000
3029
2909
2885
2794
2812
2646
2668
2695
2591
2695
2650
2612
2464
2485
2475
2365
2285
2343
2224
2303
2266
2153
2114
2128
2128
1990
2014
2024
1970
1961
1925
1864
1832
1844
1735
1668
1734
1754
1749
1688
1643
1599
1625
1621
1582
1492
1444
1491
1379
1474
1398
1414
1362
1372
1419
1369
1358
1276
1340
1274
1297
1176
1202
1183
1212
1160
1169
1159
1134
1165
1127
1105
1116
1123
1151
1066
1077
1045
1083
998
1004
1031
1024
1012
974
994
981
956
945
969
915
944
929
928
920
901
927
934
916
923
910
904
952
907
870
860
886
864
867
842
864
862
848
810
851
857
821
854
867
875
800
862
842
845
823
794
820
819
839
852
865
792
746
784
835
847
826
847
757
785
800
778
837
822
824
806
831
782
785
763
781
782
789
833
791
804
793
792
820
838
785
807
837
846
837
842
773
795
774
837
832
828
816
822
841
797
775
849
866
840
838
821
856
814
801
810
842
858
899
836
826
809
819
850
884
844
809
903
863
841
845
863
886
830
852
846
876
867
960
898
887
886
864
875
841
854
850
882
893
874
892
913
912
960
863
890
923
861
920
955
904
949
881
927
928
931
963
927
877
900
900
958
971
918
940
969
954
927
908
935
880
917
908
889
929
973
930
843
888
930
906
964
916
884
937
959
875
932
881
934
1001
920
962
971
881
926
946
892
905
914
895
949
909
850
933
922
937
873
898
883
892
890
901
886
881
903
848
924
919
932
914
855
899
917
939
949
882
958
858
824
887
903
921
871
892
921
889
903
923
899
886
919
836
900
873
902
884
863
819
909
830
882
923
870
924
896
838
860
830
871
935
928
919
942
905
871
860
862
881
945
918
886
880
904
859
917
905
866
915
890
915
877
927
898
904
912
899
937
939
932
887
941
869
932
883
909
906
898
871
902
903
848
903
862
866
932
908
939
867
852
903
912
871
896
877
905
827
820
916
850
896
876
851
894
884
899
876
875
930
863
900
857
864
861
907
877
860
955
929
929
880
867
822
856
814
907
855
865
924
886
861
838
870
820
854
815
857
879
865
887
839
875
868
818
802
788
889
787
850
848
845
812
822
819
836
771
826
810
815
796
790
831
852
823
781
764
819
797
820
841
795
815
748
846
768
805
775
764
786
798
780
766
775
797
721
813
773
741
800
802
739
735
796
756
724
760
759
724
716
760
748
725
779
737
688
780
696
705
702
754
720
707
754
678
674
749
749
713
746
652
746
733
689
761
744
733
674
713
718
694
724
663
687
695
730
709
738
698
649
692
716
705
720
745
672
653
702
668
686
663
702
762
690
716
728
648
662
712
670
665
687
674
647
681
737
703
746
706
687
717
718
715
702
719
687
664
736
676
712
690
675
708
673
699
678
702
696
691
688
678
730
647
657
683
678
690
692
678
668
667
664
664
663
717
711
677
712
690
642
666
648
626
713
700
674
688
684
696
682
689
701
667
670
660
657
716
666
652
686
700
753
699
687
684
673
666
668
672
678
664
661
683
716
637
690
697
646
665
642
662
637
680
632
645
685
633
686
682
680
668
674
675
685
650
729
605
669
657
668
684
641
705
661
691
684
668
677
680
665
696
642
674
695
653
670
639
645
645
612
643
659
643
678
669
636
646
630
693
612
653
651
633
650
663
647
634
700
659
659
664
638
630
675
653
644
710
667
591
661
696
669
651
668
646
654
673
673
610
653
669
697
612
684
598
685
627
627
648
706
652
622
668
671
650
638
624
604
642
652
647
680
672
666
627
626
649
608
657
674
621
699
616
600
616
611
642
606
640
666
621
639
612
626
624
690
702
620
649
595
614
721
650
642
639
624
663
627
667
621
633
677
686
660
608
649
606
663
658
650
615
648
644
660
669
647
640
658
645
646
624
643
639
608
609
596
591
587
652
651
635
597
632
710
641
658
702
625
572
626
629
654
631
636
667
598
616
649
573
658
633
654
628
623
623
677
607
648
639
654
622
645
607
655
618
645
675
625
666
653
591
642
639
649
598
655
666
636
640
640
602
647
642
645
606
634
633
681
645
647
667
653
611
642
649
633
620
628
661
618
652
629
655
672
663
707
654
618
668
644
646
656
658
655
646
688
658
607
657
658
646
681
685
677
638
674
694
631
650
632
636
664
599
674
664
610
636
664
602
693
656
646
644
649
631
596
672
612
615
701
650
665
654
664
616
633
634
667
666
628
663
659
672
671
672
653
683
662
651
678
624
626
674
660
643
636
638
636
618
665
660
651
668
675
642
653
729
651
656
644
652
691
663
663
646
693
725
629
685
632
705
632
685
692
657
641
737
642
647
668
689
689
689
682
669
695
672
656
632
628
628
648
649
583
653
657
705
664
681
653
685
679
687
661
667
654
644
659
655
643
659
675
683
688
690
642
640
705
605
594
654
671
611
669
633
605
615
660
621
676
688
610
656
635
650
663
693
622
637
642
698
676
617
686
601
574
622
652
622
600
601
610
665
619
615
613
621
587
678
612
619
637
595
663
619
582
646
621
593
633
629
593
566
619
626
595
648
640
602
627
589
591
583
582
629
629
646
612
582
557
631
623
606
590
600
620
626
561
600
614
582
611
621
600
619
566
593
650
600
597
578
546
598
560
614
609
608
593
543
576
551
594
613
621
632
600
578
556
592
557
540
614
548
593
555
595
558
584
524
537
550
554
531
570
573
581
530
564
517
517
556
538
593
565
552
514
634
553
562
590
566
536
552
563
528
584
544
526
592
541
585
568
527
523
535
522
526
528
531
565
597
504
542
532
526
528
537
549
550
535
521
525
512
522
531
516
507
506
541
506
572
505
538
569
525
488
512
506
477
524
547
535
527
583
497
543
532
515
531
482
515
502
497
527
527
442
480
533
483
471
516
534
556
520
533
513
526
489
538
512
513
507
478
476
509
517
490
508
500
511
512
518
504
514
492
468
505
521
488
502
473
493
519
495
470
482
556
511
534
519
495
491
476
494
522
511
496
492
491
480
467
441
515
560
498
536
495
498
479
475
455
494
486
480
491
479
518
464
501
500
492
497
448
498
498
475
488
512
494
524
500
497
521
512
502
467
502
480
496
509
464
494
490
456
514
476
445
475
475
468
533
523
456
485
476
485
487
489
465
475
486
454
481
481
484
495
478
496
492
479
528
522
478
501
499
491
460
479
490
500
499
484
457
476
471
454
481
501
470
465
498
479
462
522
483
473
456
515
469
518
495
460
504
512
501
482
496
532
494
508
486
466
508
506
497
463
516
497
513
520
477
486
533
513
489
488
479
504
504
490
487
479
456
511
490
507
486
484
429
496
496
529
550
507
512
488
471
512
496
474
505
501
451
530
473
483
491
487
520
508
502
455
521
485
461
484
510
545
498
448
541
540
449
508
491
498
473
490
516
501
484
471
486
501
513
488
518
525
508
522
517
495
494
489
487
477
531
563
502
494
450
539
533
529
500
501
521
501
472
514
469
488
477
489
543
508
520
534
555
490
505
531
471
503
474
469
508
529
508
491
524
480
479
521
498
482
481
506
497
501
507
501
503
534
525
540
501
539
522
519
476
493
468
516
521
511
504
489
493
513
498
487
491
517
522
527
526
520
518
520
523
501
525
509
492
501
510
474
497
517
526
516
517
535
507
517
487
494
486
501
471
485
496
502
552
513
529
528
535
472
507
545
513
492
486
494
504
475
522
516
518
524
521
536
510
543
525
506
519
484
506
540
532
529
524
515
462
481
546
473
483
543
487
498
457
461
497
507
472
488
487
494
497
508
489
495
498
496
473
500
478
474
504
488
542
531
483
485
523
516
505
498
507
513
490
506
500
470
516
466
489
493
510
503
516
506
491
482
534
534
490
461
466
488
506
533
492
508
506
466
450
526
506
485
474
466
526
478
494
481
461
461
470
518
538
484
471
497
472
472
492
480
496
525
480
498
463
489
479
505
508
493
509
567
495
501
487
538
477
497
481
532
452
467
492
489
531
481
491
494
487
503
502
514
510
505
504
557
512
487
485
511
463
496
526
474
499
508
499
510
481
492
512
495
497
514
501
512
483
481
501
494
522
533
508
514
467
500
504
475
491
495
474
525
477
548
508
460
518
516
571
506
529
538
530
520
517
569
535
506
457
525
551
496
522
551
564
547
544
524
491
514
506
502
490
537
560
539
516
533
529
560
513
554
520
549
546
536
532
536
538
533
547
534
520
513
497
514
559
564
579
586
531
574
542
506
524
562
557
546
587
593
567
576
539
548
547
572
580
546
565
542
535
536
580
589
570
608
535
552
594
589
583
634
603
605
587
569
569
621
573
593
584
615
598
582
645
603
627
605
599
582
583
589
575
596
616
645
661
630
643
629
630
660
631
643
647
626
639
617
610
627
644
654
687
609
702
670
639
624
620
653
687
674
665
670
656
675
696
646
710
674
657
675
674
688
712
649
684
710
705
689
704
683
731
749
718
719
688
699
734
648
741
736
656
724
712
703
701
719
681
741
779
725
697
696
766
689
740
757
742
730
718
695
749
779
747
716
782
744
768
752
746
765
725
704
734
708
758
770
757
750
729
745
695
747
718
736
735
768
735
762
718
791
765
729
744
739
755
798
799
767
770
796
740
774
695
717
729
738
810
745
770
767
804
720
766
766
750
743
737
748
736
735
757
727
782
761
755
730
742
761
770
764
739
683
709
744
730
753
686
699
768
699
698
746
672
720
737
723
707
725
712
711
747
742
719
724
672
741
712
764
724
681
728
750
706
693
687
704
693
692
662
730
696
721
713
732
634
701
739
648
707
684
660
646
702
644
669
633
675
677
658
652
687
607
598
663
677
688
654
637
631
663
676
630
629
682
646
678
612
666
641
605
685
609
575
624
622
592
638
615
625
578
636
587
556
594
568
557
629
591
580
604
589
559
578
554
553
544
593
581
601
550
541
578
529
531
572
563
577
496
528
559
561
576
551
533
523
522
539
541
548
533
534
535
526
521
518
517
526
528
510
479
496
546
501
535
535
503
506
515
498
459
506
502
507
503
510
499
474
548
491
456
466
502
505
524
476
468
498
519
458
502
463
430
496
476
463
451
527
511
484
500
493
485
476
481
429
460
497
474
504
505
482
484
481
432
443
497
451
476
447
492
447
465
437
491
458
432
427
466
462
459
472
437
464
445
434
448
456
432
482
445
438
427
432
458
450
445
467
430
416
436
495
430
425
469
444
429
444
435
440
486
453
425
444
467
449
426
430
418
489
432
411
440
467
443
459
440
405
426
448
442
469
447
429
447
438
414
428
418
450
449
477
490
457
418
468
492
454
407
469
409
493
413
436
459
428
478
449
443
447
451
435
494
440
453
455
465
458
513
467
464
465
468
456
474
422
439
439
480
412
478
454
463
450
458
480
452
443
441
462
456
457
477
457
430
457
468
446
497
433
473
458
483
430
483
429
453
464
458
451
461
434
444
467
444
455
491
458
475
479
455
486
467
491
495
463
479
463
440
458
482
450
457
487
432
429
456
410
452
461
449
445
453
437
427
476
448
464
443
474
511
478
458
423
431
469
483
468
452
463
453
414
486
462
479
464
438
470
479
412
494
409
419
516
463
448
458
415
429
470
450
494
434
480
486
479
431
433
432
464
421
463
434
413
430
434
447
430
461
449
437
481
448
416
489
408
395
467
442
449
413
400
445
448
433
452
448
431
393
427
477
398
438
426
414
460
412
412
394
440
423
403
428
439
414
440
457
434
438
393
403
465
429
406
401
410
451
428
433
429
410
377
433
431
407
420
399
413
395
439
413
428
413
415
420
420
392
414
397
384
406
424
399
420
413
336
370
369
374
401
413
410
405
362
404
426
395
353
398
433
407
389
398
408
380
414
378
371
359
377
385
368
362
389
382
406
366
361
391
350
404
389
380
379
366
359
364
347
376
345
368
390
379
354
410
341
376
352
379
351
373
363
355
341
371
371
382
380
368
334
352
359
318
339
329
376
357
380
379
359
345
386
357
334
371
387
383
320
350
364
344
333
340
352
373
368
349
355
315
337
348
382
366
365
330
355
341
370
359
363
360
345
340
344
342
385
344
366
341
332
341
350
353
338
363
367
364
365
357
380
350
373
338
325
362
375
332
312
339
321
368
345
326
332
370
379
309
349
343
376
328
358
334
346
341
345
375
348
363
337
357
338
358
348
328
366
375
356
341
357
348
385
380
384
381
372
394
371
341
343
384
360
372
364
375
375
335
356
359
374
330
398
375
361
358
335
391
356
367
402
365
367
397
373
382
400
380
377
370
388
366
392
386
364
384
349
371
382
371
366
362
374
332
374
389
391
405
403
372
387
382
363
362
398
385
379
376
378
412
397
388
387
414
428
394
391
396
367
427
336
417
399
419
380
408
394
413
385
426
394
369
360
390
371
401
389
413
410
360
429
404
411
406
392
393
434
414
429
394
373
420
422
395
391
402
437
424
395
437
373
396
417
425
404
427
400
426
383
384
354
399
410
418
422
431
352
416
396
408
398
410
402
407
399
398
408
422
417
406
417
402
427
411
411
412
378
450
402
394
421
376
417
419
419
390
400
374
402
407
378
409
403
371
363
378
409
396
422
425
412
394
414
390
376
438
367
387
379
397
386
387
409
347
389
392
381
423
400
394
405
366
394
388
415
420
346
377
382
406
391
403
337
392
351
380
391
404
376
382
397
376
366
371
367
386
371
391
367
362
381
355
370
382
352
348
344
355
363
340
356
341
383
361
339
375
357
341
377
365
368
359
337
359
325
355
368
343
338
349
342
345
307
345
296
328
314
343
324
360
316
314
314
328
333
357
308
348
331
334
311
308
340
331
325
334
343
324
337
321
317
301
307
268
330
326
293
322
293
293
282
290
311
289
286
287
275
303
277
289
289
314
305
289
301
296
310
290
264
294
274
290
269
266
281
283
292
290
283
264
242
276
254
273
267
274
300
279
267
236
299
260
252
271
268
231
267
239
276
282
278
274
268
243
259
269
257
264
239
244
259
259
245
265
264
262
263
247
258
273
263
260
255
252
270
258
214
284
223
266
250
246
267
246
253
263
250
238
237
224
257
220
219
244
224
233
250
231
214
235
250
237
245
253
237
240
245
218
242
228
241
244
251
246
230
269
237
218
239
244
236
244
259
234
265
245
235
229
208
238
244
224
230
231
221
226
231
236
233
251
286
251
225
239
239
241
260
225
237
250
245
229
217
216
249
225
235
261
241
254
273
255
242
240
220
220
259
226
233
262
224
235
224
266
263
244
242
277
228
257
235
251
260
253
263
254
270
246
240
276
230
240
251
238
262
241
232
238
265
268
258
263
255
276
239
241
267
283
261
256
266
272
281
274
282
242
276
248
244
275
269
258
295
272
293
279
287
276
239
275
286
306
241
280
266
284
260
275
274
280
293
274
297
293
287
294
284
321
282
307
290
279
338
316
299
306
298
346
307
306
311
286
298
316
303
323
285
313
302
286
321
357
323
320
330
355
305
331
313
311
338
348
323
312
326
306
340
361
341
333
331
318
345
351
353
325
334
352
348
381
375
327
352
355
391
369
378
358
355
354
330
367
356
362
362
365
360
361
369
370
359
372
384
383
373
361
378
377
359
365
402
379
347
403
394
362
375
395
363
421
415
381
376
397
411
415
406
409
406
362
429
448
371
435
371
429
405
384
420
424
398
408
434
428
407
438
442
415
399
427
444
437
429
399
475
411
411
431
445
411
424
432
468
440
439
413
409
465
445
445
428
421
408
451
463
450
428
417
465
427
486
456
435
438
431
453
435
421
456
487
429
474
481
459
465
408
436
494
423
466
429
463
442
441
466
447
419
487
439
456
449
479
447
468
418
443
486
450
431
468
446
433
458
451
436
455
447
415
452
474
456
485
480
455
445
467
456
481
459
466
468
472
459
474
446
429
411
477
449
477
474
456
454
460
422
443
444
453
435
466
434
452
441
431
471
440
449
441
440
436
446
432
473
422
461
436
422
459
439
450
420
457
433
410
454
456
463
381
451
435
446
424
455
457
456
423
429
424
428
392
393
414
422
423
474
427
409
366
424
439
387
422
400
450
442
404
393
394
402
392
404
423
418
346
380
425
419
414
360
394
403
400
355
368
393
378
359
373
368
367
366
375
414
346
408
370
390
368
368
388
358
352
378
335
360
365
393
408
361
391
351
360
349
372
354
361
357
334
345
362
362
365
314
323
361
329
343
345
332
324
331
330
361
319
342
380
346
323
324
312
306
300
327
353
317
315
302
323
289
304
357
316
287
308
313
319
292
284
297
290
287
303
275
308
308
314
283
295
323
296
289
320
300
296
313
289
286
269
299
292
285
256
268
301
298
275
276
274
303
271
278
260
254
260
254
271
258
270
290
267
273
244
271
297
264
254
262
243
244
266
235
225
263
258
224
268
256
222
262
271
243
225
229
255
246
250
242
241
245
222
266
260
221
253
233
238
234
250
249
252
238
232
224
225
238
231
243
244
224
232
221
256
238
245
240
222
226
224
204
196
209
234
237
218
214
188
211
217
193
196
197
180
231
214
222
173
203
203
199
205
181
195
211
222
223
198
192
188
212
216
213
184
195
184
197
184
217
194
193
203
176
202
207
194
193
213
200
187
202
196
201
181
176
185
179
179
205
171
194
199
200
193
179
195
199
188
189
183
178
163
177
166
198
163
183
173
179
201
170
166
179
170
175
159
163
171
185
154
191
162
163
184
149
169
166
183
176
148
171
164
174
180
177
160
174
162
129
176
137
148
165
153
145
161
162
138
150
156
145
171
145
151
167
160
143
145
162
165
160
154
146
142
161
139
161
127
144
162
134
137
143
152
133
189
140
139
130
146
148
137
133
148
140
153
161
139
134
145
129
155
128
150
135
139
123
128
132
141
125
118
124
139
130
147
138
140
128
148
141
125
132
128
128
120
113
136
96
105
116
113
120
118
154
138
130
120
110
119
98
106
138
102
128
121
109
124
116
127
123
134
111
120
121
130
97
138
105
108
125
119
118
103
106
109
112
109
108
112
120
80
114
124
103
111
112
98
96
116
108
102
118
106
98
105
91
121
112
119
92
110
108
106
112
115
88
97
90
91
104
105
74
100
95
108
110
113
92
79
99
94
102
92
86
100
96
97
84
93
87
109
102
85
94
99
92
93
91
94
87
100
81
82
81
88
72
94
87
76
101
80
86
75
82
89
86
96
84
79
83
87
95
95
84
83
91
97
77
88
85
89
99
77
73
93
94
90
80
88
95
95
98
94
85
85
82
91
82
89
80
80
94
80
101
94
83
95
112
82
87
88
87
78
87
81
79
85
90
84
79
99
74
95
87
104
93
83
91
80
94
79
95
87
90
70
66
71
75
65
53
67
79
64
62
54
53
52
46
35
45
42
41
56
51
34
46
37
44
37
24
33
28
18
26
35
33
34
23
28
23
20
34
23
20
18
18
18
21
19
20
14
12
11
13
9
10
8
13
4
7
10
8
7
12
9
9
5
7
8
1
4
4
4
3
1
10
2
6
5
5
5
6
4
8
2
3
2
7
6
0
7
2
2
2
3
3
2
2
5
2
3
1
0
6
2
7
0
2
2
5
4
1
2
2
1
1
2
2
3
1
1
2
0
3
2
0
4
3
2
0
0
0
2
1
0
0
4
2
3
7
1
1
2
0
1
0
3
2
2
5
0
1
3
0
1
1
2
2
0
1
1
1
1
2
1
1
1
0
1
2
1
1
1
0
3
0
1
0
0
0
0
1
0
0
0
2
1
2
1
4
0
0
0
1
0
0
0
1
0
0
0
0
1
2
0
0
0
0
0
0
0
0
1
0
1
0
1
1
1
2
1
1
1
0
0
1
1
0
1
0
1
0
1
2
0
2
0
1
0
0
0
1
0
0
0
0
2
1
1
1
0
0
0
1
2
1
0
1
2
0
0
1
0
0
1
1
0
0
0
2
0
1
0
2
1
0
1
2
0
0
1
1
0
2
0
2
2
0
0
2
0
0
0
0
0
1
0
1
0
0
1
0
0
1
0
0
0
0
1
2
0
1
0
2
0
0
0
1
0
0
2
1
0
0
1
0
0
0
1
1
0
0
1
0
0
1
1
1
0
0
0
0
3
1
0
0
0
0
0
2
2
1
1
1
2
0
0
0
0
0
3
0
0
0
1
0
3
0
2
1
1
0
0
0
0
0
0
0
1
0
1
0
1
0
1
0
0
1
0
0
0
0
0
2
1
1
0
0
0
0
0
0
0
0
1
1
0
0
0
0
0
0
0
0
0
1
0
1
0
1
1
0
1
2
0
0
0
0
2
0
0
0
0
1
1
0
0
0
0
1
0
0
0
1
0
0
0
1
0
0
0
0
0
2
0
0
1
0
0
0
0
0
0
1
0
1
1
2
0
0
1
0
1
2
0
1
0
0
0
0
2
0
2
1
0
0
2
1
0
0
1
0
0
1
1
1
0
1
0
1
0
0
1
1
1
0
1
0
1
2
0
1
2
1
1
1
0
1
2
1
0
1
3
3
1
2
3
1
0
3
0
2
0
2
2
2
2
2
0
3
9
4
4
8
8
8
8
6
6
7
5
6
4
3
2
1
0
1
1
3
0
0
0
0
0
0
0
0
0
0
0
0
0
0
0
0
0
0
0
0
0
0
1
0
0
0
0
0
0
0
0
0
0
0
0
0
0
0
0
0
0
0
0
0
0
0
0
0
0
0
0
0
0
0
0
0
0
0
0
0
0
0
0
0
0
0
0
0
0
0
0
0
0
0
0
0
0
0
0
0
0
0
0
0
0
0
0
0
0
0
0
0
0
0
0
0
0
0
0
0
0
0
0
0
0
0
0
0
0
0
0
0
0
0
0
0
0
0
0
0
0
0
0
0
0
0
0
0
0
0
0
0
0
0
0
0
0
0
0
0
0
0
0
0
0
0
0
0
0
0
0
0
0
0
0
0
0
0
0
0
0
0
0
0
0
0
0
0
0
0
0
0
0
0
0
0
0
0
0
0
0
0
0
0
0
0
0
0
0
0
0
0
0
0
0
0
0
0
0
0
0
0
0
0
0
0
0
0
0
0
0
0
0
0
0
0
0
0
0
0
0
0
0
0
0
0
0
0
0
0
0
0
0
0
0
0
0
0
0
0
0
0
0
0
0
0
0
0
0
0
0
0
0
0
0
0
0
0
0
0
0
0
0
0
0
0
0
0
0
0
0
0
0
0
0
0
0
0
0
0
0
0
0
0
0
0
0
0
0
0
0
0
0
0
0
0
0
0
0
0
0
0
0
0
0
0
0
0
0
0
0
0
0
0
0
0
0
0
0
0
0
0
0
0
0
0
0
0
0
0
0
0
0
0
0
0
0
0
0
0
0
0
0
0
0
0
0
0
0
0
0
0
0
0
0
0
0
0
0
0
0
0
0
0
0
0
0
0
0
0
0
0
0
0
0
0
0
0
0
0
0
0
0
0
0
0
0
0
0
0
0
0
0
0
0
0
0
0
0
0
0
0
0
0
0
0
0
0
0
0
0
0
0
0
0
0
0
0
0
0
0
0
0
0
0
0
0
0
0
0
0
0
0
0
0
0
0
0
0
0
0
0
0
0
0
0
0
0
0
0
0
0
0
0
0
0
0
0
0
0
0
0
0
0
0
0
0
0
0
0
0
0
0
0
0
0
0
0
0
0
0
0
0
0
0
0
0
0
0
0
0
0
0
0
0
0
0
0
0
0
0
0
0
0
0
0
0
0
0
0
0
0
0
0
0
0
0
0
0
0
0
0
0
0
0
0
0
0
0
0
0
0
0
0
0
0
0
0
0
0
0
0
0
0
0
0
0
0
0
0
0
0
0
0
0
0
0
0
0
0
0
0
0
0
0
0
0
0
0
0
0
0
0
0
0
0
0
0
0
0
0
0
0
0
0
0
0
0
0
0
0
0
0
0
0
0
0
0
0
0
0
0
0
0
0
0
0
0
0
0
0
0
0
0
0
0
0
0
0
0
0
0
0
0
0
0
0
0
0
0
0
0
0
0
0
0
0
0
0
0
0
0
0
0
0
0
0
0
0
0
0
0
0
0
0
0
0
0
0
0
0
0
0
0
0
0
0
0
0
0
0
0
0
0
0
0
0
0
0
0
0
0
0
0
0
0
0
0
0
0
0
0
0
0
0
0
0
0
0
0
0
0
0
0
0
0
0
0
0
0
0
0
0
0
0
0
0
0
0
0
0
0
0
0
0
0
0
0
0
0
0
0
0
0
0
0
0
0
0
0
0
0
0
0
0
0
0
0
0
0
0
0
0
0
0
0
0
0
0
0
0
0
0
0
0
0
0
0
0
0
0
0
0
0
0
0
0
0
0
0
0
0
0
0
0
0
0
0
0
0
0
0
0
0
0
0
0
0
0
0
0
0
0
0
0
0
0
0
0
0
0
0
0
0
0
0
0
0
0
0
0
0
0
0
0
0
0
0
0
0
0
0
0
0
0
0
0
0
0
0
0
0
0
0
0
0
0
0
0
0
0
0
0
0
0
0
0
0
0
0
0
0
0
0
0
0
0
0
0
0
0
0
0
0
0
0
0
0
0
0
0
0
0
0
0
0
0
0
0
0
0
0
0
0
0
0
0
0
0
0
0
0
0
0
0
0
0
0
0
0
0
0
0
0
0
0
0
0
0
0
0
0
0
0
0
0
0
0
0
0
0
0
0
0
0
0
0
0
0
0
0
0
0
0
0
0
0
0
0
0
0
0
0
0
0
0
0
0
0
0
0
0
0
0
0
0
0
0
0
0
0
0
0
0
0
0
0
0
0
0
0
0
0
0
0
0
0
0
0
0
0
0
0
0
0
0
0
0
0
0
0
0
0
0
0
0
0
0
0
0
0
0
0
0
0
0
0
0
0
0
0
0
0
0
0
0
0
0
0
0
0
0
0
0
0
0
0
0
0
0
0
0
0
0
0
0
0
0
0
0
0
0
0
0
0
0
0
0
0
0
0
0
0
0
0
0
0
0
0
0
0
0
0
0
0
0
0
0
0
0
0
0
0
0
0
0
0
0
0
0
0
0
0
0
0
0
0
0
0
0
0
0
0
0
0
0
0
0
0
0
0
0
0
0
0
0
0
0
0
0
0
0
0
0
0
0
0
0
0
0
0
0
0
0
0
0
0
0
0
0
0
0
0
0
0
0
0
0
0
0
0
0
0
0
0
0
0
0
0
0
0
0
0
0
0
0
0
0
0
0
0
0
0
0
0
0
0
0
0
0
0
0
0
0
0
0
0
0
0
0
0
0
0
0
0
0
0
0
0
0
0
0
0
0
0
0
0
0
0
0
0
0
0
0
0
0
0
0
0
0
0
0
0
0
0
0
0
0
0
0
0
0
0
0
0
0
0
0
0
0
0
0
0
0
0
0
0
0
0
0
0
0
0
0
0
0
0
0
0
0
0
0
0
0
0
0
0
0
0
0
0
0
0
0
0
0
0
0
0
1
0
1
0
1
0
0
1
0
0
2
0
1
1
1
0
0
0
2
0
0
0
0
0
0
0
0
0
0
0
1
1
1
1
0
0
1
0
1
0
0
0
0
0
2
0
0
0
0
0
0
0
0
1
0
0
0
0
0
0
0
1
0
0
0
0
0
1
1
0
1
1
0
0
0
0
0
0
1
0
0
0
0
0
0
0
0
1
0
0
2
0
0
0
0
0
0
0
0
0
0
0
1
1
0
1
0
0
1
1
0
1
1
1
0
0
0
0
0
0
1
1
2
0
0
1
0
